	Destination
Source	Core0	Core1	HBM0	HBM1	HBM2	HBM3	HBM4	HBM5	HBM6	HBM7		Row sum
Core0	0.000000	0.000000	15.999800	15.999800	15.999800	15.999800	15.999800	15.999800	15.999800	15.999800		127.998400
Core1	0.000000	0.000000	15.999800	15.999800	15.999800	15.999800	15.999800	15.999800	15.999800	15.999800		127.998400
HBM0	31.999600	0.000000	0.000000	55.184400	55.184400	55.184400	0.000000	0.000000	0.000000	0.000000		197.552800
HBM1	31.999600	0.000000	55.184400	0.000000	55.184400	55.184400	0.000000	0.000000	0.000000	0.000000		197.552800
HBM2	0.000000	31.999600	55.184400	55.184400	0.000000	55.184400	0.000000	0.000000	0.000000	0.000000		197.552800
HBM3	0.000000	31.999600	55.184400	55.184400	55.184400	0.000000	0.000000	0.000000	0.000000	0.000000		197.552800
HBM4	31.999600	0.000000	0.000000	0.000000	0.000000	0.000000	0.000000	55.184400	55.184400	55.184400		197.552800
HBM5	31.999600	0.000000	0.000000	0.000000	0.000000	0.000000	55.184400	0.000000	55.184400	55.184400		197.552800
HBM6	0.000000	31.999600	0.000000	0.000000	0.000000	0.000000	55.184400	55.184400	0.000000	55.184400		197.552800
HBM7	0.000000	31.999600	0.000000	0.000000	0.000000	0.000000	55.184400	55.184400	55.184400	0.000000		197.552800
Col sum	127.998400	127.998400	197.552800	197.552800	197.552800	197.552800	197.552800	197.552800	197.552800	197.552800		1836.419200
