	Destination
Source	Core0	Core1	HBM0	HBM1	HBM2	HBM3	HBM4	HBM5	HBM6	HBM7		Row sum
Core0	0.000000	0.000000	0.498050	0.498050	0.498050	0.498050	0.498050	0.498050	0.498050	0.498050		3.984400
Core1	0.000000	0.000000	0.498050	0.498050	0.498050	0.498050	0.498050	0.498050	0.498050	0.498050		3.984400
HBM0	0.996094	0.000000	0.000000	1.199550	1.199550	1.199550	0.000000	0.000000	0.000000	0.000000		4.594744
HBM1	0.996094	0.000000	1.199550	0.000000	1.199550	1.199550	0.000000	0.000000	0.000000	0.000000		4.594744
HBM2	0.000000	0.996094	1.199550	1.199550	0.000000	1.199550	0.000000	0.000000	0.000000	0.000000		4.594744
HBM3	0.000000	0.996094	1.199550	1.199550	1.199550	0.000000	0.000000	0.000000	0.000000	0.000000		4.594744
HBM4	0.996094	0.000000	0.000000	0.000000	0.000000	0.000000	0.000000	1.199550	1.199550	1.199550		4.594744
HBM5	0.996094	0.000000	0.000000	0.000000	0.000000	0.000000	1.199550	0.000000	1.199550	1.199550		4.594744
HBM6	0.000000	0.996094	0.000000	0.000000	0.000000	0.000000	1.199550	1.199550	0.000000	1.199550		4.594744
HBM7	0.000000	0.996094	0.000000	0.000000	0.000000	0.000000	1.199550	1.199550	1.199550	0.000000		4.594744
Col sum	3.984375	3.984375	4.594750	4.594750	4.594750	4.594750	4.594750	4.594750	4.594750	4.594750		44.726750
