	Destination
Source	Core0	Core1	HBM0	HBM1	HBM2	HBM3	HBM4	HBM5	HBM6	HBM7		Row sum
Core0	0.000000	0.000000	0.250000	0.250000	0.250000	0.250000	0.250000	0.250000	0.250000	0.250000		2.000000
Core1	0.000000	0.000000	0.250000	0.250000	0.250000	0.250000	0.250000	0.250000	0.250000	0.250000		2.000000
HBM0	0.500000	0.000000	0.000000	0.125000	0.125000	0.125000	0.000000	0.000000	0.000000	0.000000		0.875000
HBM1	0.500000	0.000000	0.125000	0.000000	0.125000	0.125000	0.000000	0.000000	0.000000	0.000000		0.875000
HBM2	0.000000	0.500000	0.125000	0.125000	0.000000	0.125000	0.000000	0.000000	0.000000	0.000000		0.875000
HBM3	0.000000	0.500000	0.125000	0.125000	0.125000	0.000000	0.000000	0.000000	0.000000	0.000000		0.875000
HBM4	0.500000	0.000000	0.000000	0.000000	0.000000	0.000000	0.000000	0.125000	0.125000	0.125000		0.875000
HBM5	0.500000	0.000000	0.000000	0.000000	0.000000	0.000000	0.125000	0.000000	0.125000	0.125000		0.875000
HBM6	0.000000	0.500000	0.000000	0.000000	0.000000	0.000000	0.125000	0.125000	0.000000	0.125000		0.875000
HBM7	0.000000	0.500000	0.000000	0.000000	0.000000	0.000000	0.125000	0.125000	0.125000	0.000000		0.875000
Col sum	2.000000	2.000000	0.875000	0.875000	0.875000	0.875000	0.875000	0.875000	0.875000	0.875000		11.000000
