	Destination										
Source	Core0	Core1	HBM0	HBM1	HBM2	HBM3	HBM4	HBM5	HBM6	HBM7	Row sum
Core0	0.0000	0.0000	7.9688	7.9688	7.9688	7.9688	7.9688	7.9688	7.9688	7.9688	63.7500
Core1	0.0000	0.0000	7.9688	7.9688	7.9688	7.9688	7.9688	7.9688	7.9688	7.9688	63.7500
HBM0	15.9375	0.0000	0.0000	19.1928	19.1928	19.1928	0.0000	0.0000	0.0000	0.0000	73.5158
HBM1	15.9375	0.0000	19.1928	0.0000	19.1928	19.1928	0.0000	0.0000	0.0000	0.0000	73.5158
HBM2	0.0000	15.9375	19.1928	19.1928	0.0000	19.1928	0.0000	0.0000	0.0000	0.0000	73.5158
HBM3	0.0000	15.9375	19.1928	19.1928	19.1928	0.0000	0.0000	0.0000	0.0000	0.0000	73.5158
HBM4	15.9375	0.0000	0.0000	0.0000	0.0000	0.0000	0.0000	19.1928	19.1928	19.1928	73.5158
HBM5	15.9375	0.0000	0.0000	0.0000	0.0000	0.0000	19.1928	0.0000	19.1928	19.1928	73.5158
HBM6	0.0000	15.9375	0.0000	0.0000	0.0000	0.0000	19.1928	19.1928	0.0000	19.1928	73.5158
HBM7	0.0000	15.9375	0.0000	0.0000	0.0000	0.0000	19.1928	19.1928	19.1928	0.0000	73.5158
Col sum	63.7500	63.7500	73.5158	73.5158	73.5158	73.5158	73.5158	73.5158	73.5158	73.5158	715.6264