	Destination
Source	Core0	Core1	HBM0	HBM1	HBM2	HBM3	HBM4	HBM5	HBM6	HBM7		Row sum
Core0	0.000000	0.000000	1.999975	1.999975	1.999975	1.999975	1.999975	1.999975	1.999975	1.999975		15.999800
Core1	0.000000	0.000000	1.999975	1.999975	1.999975	1.999975	1.999975	1.999975	1.999975	1.999975		15.999800
HBM0	3.999950	0.000000	0.000000	6.898050	6.898050	6.898050	0.000000	0.000000	0.000000	0.000000		24.694100
HBM1	3.999950	0.000000	6.898050	0.000000	6.898050	6.898050	0.000000	0.000000	0.000000	0.000000		24.694100
HBM2	0.000000	3.999950	6.898050	6.898050	0.000000	6.898050	0.000000	0.000000	0.000000	0.000000		24.694100
HBM3	0.000000	3.999950	6.898050	6.898050	6.898050	0.000000	0.000000	0.000000	0.000000	0.000000		24.694100
HBM4	3.999950	0.000000	0.000000	0.000000	0.000000	0.000000	0.000000	6.898050	6.898050	6.898050		24.694100
HBM5	3.999950	0.000000	0.000000	0.000000	0.000000	0.000000	6.898050	0.000000	6.898050	6.898050		24.694100
HBM6	0.000000	3.999950	0.000000	0.000000	0.000000	0.000000	6.898050	6.898050	0.000000	6.898050		24.694100
HBM7	0.000000	3.999950	0.000000	0.000000	0.000000	0.000000	6.898050	6.898050	6.898050	0.000000		24.694100
Col sum	15.999800	15.999800	24.694100	24.694100	24.694100	24.694100	24.694100	24.694100	24.694100	24.694100		229.552400
