	Destination
Source	Core0	Core1	HBM0	HBM1	HBM2	HBM3	HBM4	HBM5	HBM6	HBM7		Row sum
Core0	0.000000	0.000000	0.996100	0.996100	0.996100	0.996100	0.996100	0.996100	0.996100	0.996100		7.968800
Core1	0.000000	0.000000	0.996100	0.996100	0.996100	0.996100	0.996100	0.996100	0.996100	0.996100		7.968800
HBM0	1.992188	0.000000	0.000000	2.399100	2.399100	2.399100	0.000000	0.000000	0.000000	0.000000		9.189487
HBM1	1.992188	0.000000	2.399100	0.000000	2.399100	2.399100	0.000000	0.000000	0.000000	0.000000		9.189487
HBM2	0.000000	1.992188	2.399100	2.399100	0.000000	2.399100	0.000000	0.000000	0.000000	0.000000		9.189487
HBM3	0.000000	1.992188	2.399100	2.399100	2.399100	0.000000	0.000000	0.000000	0.000000	0.000000		9.189487
HBM4	1.992188	0.000000	0.000000	0.000000	0.000000	0.000000	0.000000	2.399100	2.399100	2.399100		9.189487
HBM5	1.992188	0.000000	0.000000	0.000000	0.000000	0.000000	2.399100	0.000000	2.399100	2.399100		9.189487
HBM6	0.000000	1.992188	0.000000	0.000000	0.000000	0.000000	2.399100	2.399100	0.000000	2.399100		9.189487
HBM7	0.000000	1.992188	0.000000	0.000000	0.000000	0.000000	2.399100	2.399100	2.399100	0.000000		9.189487
Col sum	7.968750	7.968750	9.189500	9.189500	9.189500	9.189500	9.189500	9.189500	9.189500	9.189500		89.453500
