	Destination
Source	Core0	Core1	HBM0	HBM1	HBM2	HBM3	HBM4	HBM5	HBM6	HBM7		Row sum
Core0	0.000000	0.000000	0.499994	0.499994	0.499994	0.499994	0.499994	0.499994	0.499994	0.499994		3.999950
Core1	0.000000	0.000000	0.499994	0.499994	0.499994	0.499994	0.499994	0.499994	0.499994	0.499994		3.999950
HBM0	0.999988	0.000000	0.000000	1.724512	1.724512	1.724512	0.000000	0.000000	0.000000	0.000000		6.173525
HBM1	0.999988	0.000000	1.724512	0.000000	1.724512	1.724512	0.000000	0.000000	0.000000	0.000000		6.173525
HBM2	0.000000	0.999988	1.724512	1.724512	0.000000	1.724512	0.000000	0.000000	0.000000	0.000000		6.173525
HBM3	0.000000	0.999988	1.724512	1.724512	1.724512	0.000000	0.000000	0.000000	0.000000	0.000000		6.173525
HBM4	0.999988	0.000000	0.000000	0.000000	0.000000	0.000000	0.000000	1.724512	1.724512	1.724512		6.173525
HBM5	0.999988	0.000000	0.000000	0.000000	0.000000	0.000000	1.724512	0.000000	1.724512	1.724512		6.173525
HBM6	0.000000	0.999988	0.000000	0.000000	0.000000	0.000000	1.724512	1.724512	0.000000	1.724512		6.173525
HBM7	0.000000	0.999988	0.000000	0.000000	0.000000	0.000000	1.724512	1.724512	1.724512	0.000000		6.173525
Col sum	3.999950	3.999950	6.173525	6.173525	6.173525	6.173525	6.173525	6.173525	6.173525	6.173525		57.388100
