	Destination
Source	Core0	Core1	HBM0	HBM1	HBM2	HBM3	HBM4	HBM5	HBM6	HBM7		Row sum
Core0	0.000000	0.000000	12.000000	12.000000	12.000000	12.000000	12.000000	12.000000	12.000000	12.000000		96.000000
Core1	0.000000	0.000000	12.000000	12.000000	12.000000	12.000000	12.000000	12.000000	12.000000	12.000000		96.000000
HBM0	24.000000	0.000000	0.000000	9.500000	9.500000	9.500000	0.000000	0.000000	0.000000	0.000000		52.500000
HBM1	24.000000	0.000000	9.500000	0.000000	9.500000	9.500000	0.000000	0.000000	0.000000	0.000000		52.500000
HBM2	0.000000	24.000000	9.500000	9.500000	0.000000	9.500000	0.000000	0.000000	0.000000	0.000000		52.500000
HBM3	0.000000	24.000000	9.500000	9.500000	9.500000	0.000000	0.000000	0.000000	0.000000	0.000000		52.500000
HBM4	24.000000	0.000000	0.000000	0.000000	0.000000	0.000000	0.000000	9.500000	9.500000	9.500000		52.500000
HBM5	24.000000	0.000000	0.000000	0.000000	0.000000	0.000000	9.500000	0.000000	9.500000	9.500000		52.500000
HBM6	0.000000	24.000000	0.000000	0.000000	0.000000	0.000000	9.500000	9.500000	0.000000	9.500000		52.500000
HBM7	0.000000	24.000000	0.000000	0.000000	0.000000	0.000000	9.500000	9.500000	9.500000	0.000000		52.500000
Col sum	96.000000	96.000000	52.500000	52.500000	52.500000	52.500000	52.500000	52.500000	52.500000	52.500000		612.000000
