	Destination										
Source	Core0	Core1	HBM0	HBM1	HBM2	HBM3	HBM4	HBM5	HBM6	HBM7	Row sum
Core0	0.0000	0.0000	6.0000	6.0000	6.0000	6.0000	6.0000	6.0000	6.0000	6.0000	48.0000
Core1	0.0000	0.0000	6.0000	6.0000	6.0000	6.0000	6.0000	6.0000	6.0000	6.0000	48.0000
HBM0	12.0000	0.0000	0.0000	4.7500	4.7500	4.7500	0.0000	0.0000	0.0000	0.0000	26.2500
HBM1	12.0000	0.0000	4.7500	0.0000	4.7500	4.7500	0.0000	0.0000	0.0000	0.0000	26.2500
HBM2	0.0000	12.0000	4.7500	4.7500	0.0000	4.7500	0.0000	0.0000	0.0000	0.0000	26.2500
HBM3	0.0000	12.0000	4.7500	4.7500	4.7500	0.0000	0.0000	0.0000	0.0000	0.0000	26.2500
HBM4	12.0000	0.0000	0.0000	0.0000	0.0000	0.0000	0.0000	4.7500	4.7500	4.7500	26.2500
HBM5	12.0000	0.0000	0.0000	0.0000	0.0000	0.0000	4.7500	0.0000	4.7500	4.7500	26.2500
HBM6	0.0000	12.0000	0.0000	0.0000	0.0000	0.0000	4.7500	4.7500	0.0000	4.7500	26.2500
HBM7	0.0000	12.0000	0.0000	0.0000	0.0000	0.0000	4.7500	4.7500	4.7500	0.0000	26.2500
Col sum	48.0000	48.0000	26.2500	26.2500	26.2500	26.2500	26.2500	26.2500	26.2500	26.2500	306.0000