	Destination
Source	Core0	Core1	HBM0	HBM1	HBM2	HBM3	HBM4	HBM5	HBM6	HBM7		Row sum
Core0	0.000000	0.000000	0.937500	0.937500	0.937500	0.937500	0.937500	0.937500	0.937500	0.937500		7.500000
Core1	0.000000	0.000000	0.937500	0.937500	0.937500	0.937500	0.937500	0.937500	0.937500	0.937500		7.500000
HBM0	1.875000	0.000000	0.000000	1.306150	1.306150	1.306150	0.000000	0.000000	0.000000	0.000000		5.793450
HBM1	1.875000	0.000000	1.306150	0.000000	1.306150	1.306150	0.000000	0.000000	0.000000	0.000000		5.793450
HBM2	0.000000	1.875000	1.306150	1.306150	0.000000	1.306150	0.000000	0.000000	0.000000	0.000000		5.793450
HBM3	0.000000	1.875000	1.306150	1.306150	1.306150	0.000000	0.000000	0.000000	0.000000	0.000000		5.793450
HBM4	1.875000	0.000000	0.000000	0.000000	0.000000	0.000000	0.000000	1.306150	1.306150	1.306150		5.793450
HBM5	1.875000	0.000000	0.000000	0.000000	0.000000	0.000000	1.306150	0.000000	1.306150	1.306150		5.793450
HBM6	0.000000	1.875000	0.000000	0.000000	0.000000	0.000000	1.306150	1.306150	0.000000	1.306150		5.793450
HBM7	0.000000	1.875000	0.000000	0.000000	0.000000	0.000000	1.306150	1.306150	1.306150	0.000000		5.793450
Col sum	7.500000	7.500000	5.793450	5.793450	5.793450	5.793450	5.793450	5.793450	5.793450	5.793450		61.347600
