Source\Dest	HBM0	HBM1	HBM2	HBM3	HBM4	HBM5	HBM6	HBM7		Row sum
HBM0	0.0000	10.4492	10.4492	10.4492	3.7500	3.7500	3.7500	3.7500		46.3477
HBM1	10.4492	0.0000	10.4492	10.4492	3.7500	3.7500	3.7500	3.7500		46.3477
HBM2	10.4492	10.4492	0.0000	10.4492	3.7500	3.7500	3.7500	3.7500		46.3477
HBM3	10.4492	10.4492	10.4492	0.0000	3.7500	3.7500	3.7500	3.7500		46.3477
HBM4	3.7500	3.7500	3.7500	3.7500	0.0000	10.4492	10.4492	10.4492		46.3477
HBM5	3.7500	3.7500	3.7500	3.7500	10.4492	0.0000	10.4492	10.4492		46.3477
HBM6	3.7500	3.7500	3.7500	3.7500	10.4492	10.4492	0.0000	10.4492		46.3477
HBM7	3.7500	3.7500	3.7500	3.7500	10.4492	10.4492	10.4492	0.0000		46.3477
Col sum	46.3477	46.3477	46.3477	46.3477	46.3477	46.3477	46.3477	46.3477		370.7813