Source\Dest	HBM0	HBM1	HBM2	HBM3	HBM4	HBM5	HBM6	HBM7		Row sum
HBM0	0.0000	0.1250	0.1250	0.1250	0.1250	0.1250	0.1250	0.1250		0.8750
HBM1	0.1250	0.0000	0.1250	0.1250	0.1250	0.1250	0.1250	0.1250		0.8750
HBM2	0.1250	0.1250	0.0000	0.1250	0.1250	0.1250	0.1250	0.1250		0.8750
HBM3	0.1250	0.1250	0.1250	0.0000	0.1250	0.1250	0.1250	0.1250		0.8750
HBM4	0.1250	0.1250	0.1250	0.1250	0.0000	0.1250	0.1250	0.1250		0.8750
HBM5	0.1250	0.1250	0.1250	0.1250	0.1250	0.0000	0.1250	0.1250		0.8750
HBM6	0.1250	0.1250	0.1250	0.1250	0.1250	0.1250	0.0000	0.1250		0.8750
HBM7	0.1250	0.1250	0.1250	0.1250	0.1250	0.1250	0.1250	0.0000		0.8750
Col sum	0.8750	0.8750	0.8750	0.8750	0.8750	0.8750	0.8750	0.8750		7.0000
