Source\Dest	HBM0	HBM1	HBM2	HBM3	HBM4	HBM5	HBM6	HBM7		Row sum
HBM0	0.0000	1.7245	1.7245	1.7245	0.2500	0.2500	0.2500	0.2500		6.1735
HBM1	1.7245	0.0000	1.7245	1.7245	0.2500	0.2500	0.2500	0.2500		6.1735
HBM2	1.7245	1.7245	0.0000	1.7245	0.2500	0.2500	0.2500	0.2500		6.1735
HBM3	1.7245	1.7245	1.7245	0.0000	0.2500	0.2500	0.2500	0.2500		6.1735
HBM4	0.2500	0.2500	0.2500	0.2500	0.0000	1.7245	1.7245	1.7245		6.1735
HBM5	0.2500	0.2500	0.2500	0.2500	1.7245	0.0000	1.7245	1.7245		6.1735
HBM6	0.2500	0.2500	0.2500	0.2500	1.7245	1.7245	0.0000	1.7245		6.1735
HBM7	0.2500	0.2500	0.2500	0.2500	1.7245	1.7245	1.7245	0.0000		6.1735
Col sum	6.1735	6.1735	6.1735	6.1735	6.1735	6.1735	6.1735	6.1735		49.3882
