Source\Dest	HBM0	HBM1	HBM2	HBM3	HBM4	HBM5	HBM6	HBM7		Row sum
HBM0	0.0000	4.7500	4.7500	4.7500	3.0000	3.0000	3.0000	3.0000		26.2500
HBM1	4.7500	0.0000	4.7500	4.7500	3.0000	3.0000	3.0000	3.0000		26.2500
HBM2	4.7500	4.7500	0.0000	4.7500	3.0000	3.0000	3.0000	3.0000		26.2500
HBM3	4.7500	4.7500	4.7500	0.0000	3.0000	3.0000	3.0000	3.0000		26.2500
HBM4	3.0000	3.0000	3.0000	3.0000	0.0000	4.7500	4.7500	4.7500		26.2500
HBM5	3.0000	3.0000	3.0000	3.0000	4.7500	0.0000	4.7500	4.7500		26.2500
HBM6	3.0000	3.0000	3.0000	3.0000	4.7500	4.7500	0.0000	4.7500		26.2500
HBM7	3.0000	3.0000	3.0000	3.0000	4.7500	4.7500	4.7500	0.0000		26.2500
Col sum	26.2500	26.2500	26.2500	26.2500	26.2500	26.2500	26.2500	26.2500		210.0000