Source\Dest	HBM0	HBM1	HBM2	HBM3	HBM4	HBM5	HBM6	HBM7		Row sum
HBM0	0.0000	2.0000	2.0000	2.0000	2.0000	2.0000	2.0000	2.0000		14.0000
HBM1	2.0000	0.0000	2.0000	2.0000	2.0000	2.0000	2.0000	2.0000		14.0000
HBM2	2.0000	2.0000	0.0000	2.0000	2.0000	2.0000	2.0000	2.0000		14.0000
HBM3	2.0000	2.0000	2.0000	0.0000	2.0000	2.0000	2.0000	2.0000		14.0000
HBM4	2.0000	2.0000	2.0000	2.0000	0.0000	2.0000	2.0000	2.0000		14.0000
HBM5	2.0000	2.0000	2.0000	2.0000	2.0000	0.0000	2.0000	2.0000		14.0000
HBM6	2.0000	2.0000	2.0000	2.0000	2.0000	2.0000	0.0000	2.0000		14.0000
HBM7	2.0000	2.0000	2.0000	2.0000	2.0000	2.0000	2.0000	0.0000		14.0000
Col sum	14.0000	14.0000	14.0000	14.0000	14.0000	14.0000	14.0000	14.0000		112.0000
