Source\Dest	HBM0	HBM1	HBM2	HBM3	HBM4	HBM5	HBM6	HBM7		Row sum
HBM0	0.0000	1.0000	1.0000	1.0000	1.0000	1.0000	1.0000	1.0000		7.0000
HBM1	1.0000	0.0000	1.0000	1.0000	1.0000	1.0000	1.0000	1.0000		7.0000
HBM2	1.0000	1.0000	0.0000	1.0000	1.0000	1.0000	1.0000	1.0000		7.0000
HBM3	1.0000	1.0000	1.0000	0.0000	1.0000	1.0000	1.0000	1.0000		7.0000
HBM4	1.0000	1.0000	1.0000	1.0000	0.0000	1.0000	1.0000	1.0000		7.0000
HBM5	1.0000	1.0000	1.0000	1.0000	1.0000	0.0000	1.0000	1.0000		7.0000
HBM6	1.0000	1.0000	1.0000	1.0000	1.0000	1.0000	0.0000	1.0000		7.0000
HBM7	1.0000	1.0000	1.0000	1.0000	1.0000	1.0000	1.0000	0.0000		7.0000
Col sum	7.0000	7.0000	7.0000	7.0000	7.0000	7.0000	7.0000	7.0000		56.0000
