Source\Dest	HBM0	HBM1	HBM2	HBM3	HBM4	HBM5	HBM6	HBM7		Row sum
HBM0	0.0000	0.5938	0.5938	0.5938	0.3750	0.3750	0.3750	0.3750		3.2812
HBM1	0.5938	0.0000	0.5938	0.5938	0.3750	0.3750	0.3750	0.3750		3.2812
HBM2	0.5938	0.5938	0.0000	0.5938	0.3750	0.3750	0.3750	0.3750		3.2812
HBM3	0.5938	0.5938	0.5938	0.0000	0.3750	0.3750	0.3750	0.3750		3.2812
HBM4	0.3750	0.3750	0.3750	0.3750	0.0000	0.5938	0.5938	0.5938		3.2812
HBM5	0.3750	0.3750	0.3750	0.3750	0.5938	0.0000	0.5938	0.5938		3.2812
HBM6	0.3750	0.3750	0.3750	0.3750	0.5938	0.5938	0.0000	0.5938		3.2812
HBM7	0.3750	0.3750	0.3750	0.3750	0.5938	0.5938	0.5938	0.0000		3.2812
Col sum	3.2812	3.2812	3.2812	3.2812	3.2812	3.2812	3.2812	3.2812		26.2500
