Source\Dest	HBM0	HBM1	HBM2	HBM3	HBM4	HBM5	HBM6	HBM7		Row sum
HBM0	0.0000	6.8980	6.8980	6.8980	1.0000	1.0000	1.0000	1.0000		24.6941
HBM1	6.8980	0.0000	6.8980	6.8980	1.0000	1.0000	1.0000	1.0000		24.6941
HBM2	6.8980	6.8980	0.0000	6.8980	1.0000	1.0000	1.0000	1.0000		24.6941
HBM3	6.8980	6.8980	6.8980	0.0000	1.0000	1.0000	1.0000	1.0000		24.6941
HBM4	1.0000	1.0000	1.0000	1.0000	0.0000	6.8980	6.8980	6.8980		24.6941
HBM5	1.0000	1.0000	1.0000	1.0000	6.8980	0.0000	6.8980	6.8980		24.6941
HBM6	1.0000	1.0000	1.0000	1.0000	6.8980	6.8980	0.0000	6.8980		24.6941
HBM7	1.0000	1.0000	1.0000	1.0000	6.8980	6.8980	6.8980	0.0000		24.6941
Col sum	24.6941	24.6941	24.6941	24.6941	24.6941	24.6941	24.6941	24.6941		197.5530
