Source\Dest	HBM0	HBM1	HBM2	HBM3	HBM4	HBM5	HBM6	HBM7		Row sum
HBM0	0.0000	2.3991	2.3991	2.3991	0.4980	0.4980	0.4980	0.4980		9.1895
HBM1	2.3991	0.0000	2.3991	2.3991	0.4980	0.4980	0.4980	0.4980		9.1895
HBM2	2.3991	2.3991	0.0000	2.3991	0.4980	0.4980	0.4980	0.4980		9.1895
HBM3	2.3991	2.3991	2.3991	0.0000	0.4980	0.4980	0.4980	0.4980		9.1895
HBM4	0.4980	0.4980	0.4980	0.4980	0.0000	2.3991	2.3991	2.3991		9.1895
HBM5	0.4980	0.4980	0.4980	0.4980	2.3991	0.0000	2.3991	2.3991		9.1895
HBM6	0.4980	0.4980	0.4980	0.4980	2.3991	2.3991	0.0000	2.3991		9.1895
HBM7	0.4980	0.4980	0.4980	0.4980	2.3991	2.3991	2.3991	0.0000		9.1895
Col sum	9.1895	9.1895	9.1895	9.1895	9.1895	9.1895	9.1895	9.1895		73.5158
