Source\Dest	HBM0	HBM1	HBM2	HBM3	HBM4	HBM5	HBM6	HBM7		Row sum
HBM0	0.0000	16.0000	16.0000	16.0000	16.0000	16.0000	16.0000	16.0000		112.0000
HBM1	16.0000	0.0000	16.0000	16.0000	16.0000	16.0000	16.0000	16.0000		112.0000
HBM2	16.0000	16.0000	0.0000	16.0000	16.0000	16.0000	16.0000	16.0000		112.0000
HBM3	16.0000	16.0000	16.0000	0.0000	16.0000	16.0000	16.0000	16.0000		112.0000
HBM4	16.0000	16.0000	16.0000	16.0000	0.0000	16.0000	16.0000	16.0000		112.0000
HBM5	16.0000	16.0000	16.0000	16.0000	16.0000	0.0000	16.0000	16.0000		112.0000
HBM6	16.0000	16.0000	16.0000	16.0000	16.0000	16.0000	0.0000	16.0000		112.0000
HBM7	16.0000	16.0000	16.0000	16.0000	16.0000	16.0000	16.0000	0.0000		112.0000
Col sum	112.0000	112.0000	112.0000	112.0000	112.0000	112.0000	112.0000	112.0000		896.0000
