Source\Dest	HBM0	HBM1	HBM2	HBM3	HBM4	HBM5	HBM6	HBM7		Row sum
HBM0	0.0000	2.3750	2.3750	2.3750	1.5000	1.5000	1.5000	1.5000		13.1250
HBM1	2.3750	0.0000	2.3750	2.3750	1.5000	1.5000	1.5000	1.5000		13.1250
HBM2	2.3750	2.3750	0.0000	2.3750	1.5000	1.5000	1.5000	1.5000		13.1250
HBM3	2.3750	2.3750	2.3750	0.0000	1.5000	1.5000	1.5000	1.5000		13.1250
HBM4	1.5000	1.5000	1.5000	1.5000	0.0000	2.3750	2.3750	2.3750		13.1250
HBM5	1.5000	1.5000	1.5000	1.5000	2.3750	0.0000	2.3750	2.3750		13.1250
HBM6	1.5000	1.5000	1.5000	1.5000	2.3750	2.3750	0.0000	2.3750		13.1250
HBM7	1.5000	1.5000	1.5000	1.5000	2.3750	2.3750	2.3750	0.0000		13.1250
Col sum	13.1250	13.1250	13.1250	13.1250	13.1250	13.1250	13.1250	13.1250		105.0000
