Source\Dest	HBM0	HBM1	HBM2	HBM3	HBM4	HBM5	HBM6	HBM7		Row sum
HBM0	0.0000	0.6531	0.6531	0.6531	0.2344	0.2344	0.2344	0.2344		2.8967
HBM1	0.6531	0.0000	0.6531	0.6531	0.2344	0.2344	0.2344	0.2344		2.8967
HBM2	0.6531	0.6531	0.0000	0.6531	0.2344	0.2344	0.2344	0.2344		2.8967
HBM3	0.6531	0.6531	0.6531	0.0000	0.2344	0.2344	0.2344	0.2344		2.8967
HBM4	0.2344	0.2344	0.2344	0.2344	0.0000	0.6531	0.6531	0.6531		2.8967
HBM5	0.2344	0.2344	0.2344	0.2344	0.6531	0.0000	0.6531	0.6531		2.8967
HBM6	0.2344	0.2344	0.2344	0.2344	0.6531	0.6531	0.0000	0.6531		2.8967
HBM7	0.2344	0.2344	0.2344	0.2344	0.6531	0.6531	0.6531	0.0000		2.8967
Col sum	2.8967	2.8967	2.8967	2.8967	2.8967	2.8967	2.8967	2.8967		23.1738
