Source\Dest	HBM0	HBM1	HBM2	HBM3	HBM4	HBM5	HBM6	HBM7		Row sum
HBM0	0.0000	0.2969	0.2969	0.2969	0.1875	0.1875	0.1875	0.1875		1.6406
HBM1	0.2969	0.0000	0.2969	0.2969	0.1875	0.1875	0.1875	0.1875		1.6406
HBM2	0.2969	0.2969	0.0000	0.2969	0.1875	0.1875	0.1875	0.1875		1.6406
HBM3	0.2969	0.2969	0.2969	0.0000	0.1875	0.1875	0.1875	0.1875		1.6406
HBM4	0.1875	0.1875	0.1875	0.1875	0.0000	0.2969	0.2969	0.2969		1.6406
HBM5	0.1875	0.1875	0.1875	0.1875	0.2969	0.0000	0.2969	0.2969		1.6406
HBM6	0.1875	0.1875	0.1875	0.1875	0.2969	0.2969	0.0000	0.2969		1.6406
HBM7	0.1875	0.1875	0.1875	0.1875	0.2969	0.2969	0.2969	0.0000		1.6406
Col sum	1.6406	1.6406	1.6406	1.6406	1.6406	1.6406	1.6406	1.6406		13.1250
