Source\Dest	HBM0	HBM1	HBM2	HBM3	HBM4	HBM5	HBM6	HBM7		Row sum
HBM0	0.0000	0.2500	0.2500	0.2500	0.2500	0.2500	0.2500	0.2500		1.7500
HBM1	0.2500	0.0000	0.2500	0.2500	0.2500	0.2500	0.2500	0.2500		1.7500
HBM2	0.2500	0.2500	0.0000	0.2500	0.2500	0.2500	0.2500	0.2500		1.7500
HBM3	0.2500	0.2500	0.2500	0.0000	0.2500	0.2500	0.2500	0.2500		1.7500
HBM4	0.2500	0.2500	0.2500	0.2500	0.0000	0.2500	0.2500	0.2500		1.7500
HBM5	0.2500	0.2500	0.2500	0.2500	0.2500	0.0000	0.2500	0.2500		1.7500
HBM6	0.2500	0.2500	0.2500	0.2500	0.2500	0.2500	0.0000	0.2500		1.7500
HBM7	0.2500	0.2500	0.2500	0.2500	0.2500	0.2500	0.2500	0.0000		1.7500
Col sum	1.7500	1.7500	1.7500	1.7500	1.7500	1.7500	1.7500	1.7500		14.0000
