Source\Dest	HBM0	HBM1	HBM2	HBM3	HBM4	HBM5	HBM6	HBM7		Row sum
HBM0	0.0000	1.1875	1.1875	1.1875	0.7500	0.7500	0.7500	0.7500		6.5625
HBM1	1.1875	0.0000	1.1875	1.1875	0.7500	0.7500	0.7500	0.7500		6.5625
HBM2	1.1875	1.1875	0.0000	1.1875	0.7500	0.7500	0.7500	0.7500		6.5625
HBM3	1.1875	1.1875	1.1875	0.0000	0.7500	0.7500	0.7500	0.7500		6.5625
HBM4	0.7500	0.7500	0.7500	0.7500	0.0000	1.1875	1.1875	1.1875		6.5625
HBM5	0.7500	0.7500	0.7500	0.7500	1.1875	0.0000	1.1875	1.1875		6.5625
HBM6	0.7500	0.7500	0.7500	0.7500	1.1875	1.1875	0.0000	1.1875		6.5625
HBM7	0.7500	0.7500	0.7500	0.7500	1.1875	1.1875	1.1875	0.0000		6.5625
Col sum	6.5625	6.5625	6.5625	6.5625	6.5625	6.5625	6.5625	6.5625		52.5000
