Source\Dest	HBM0	HBM1	HBM2	HBM3	HBM4	HBM5	HBM6	HBM7		Row sum
HBM0	0.0000	5.2246	5.2246	5.2246	1.8750	1.8750	1.8750	1.8750		23.1739
HBM1	5.2246	0.0000	5.2246	5.2246	1.8750	1.8750	1.8750	1.8750		23.1739
HBM2	5.2246	5.2246	0.0000	5.2246	1.8750	1.8750	1.8750	1.8750		23.1739
HBM3	5.2246	5.2246	5.2246	0.0000	1.8750	1.8750	1.8750	1.8750		23.1739
HBM4	1.8750	1.8750	1.8750	1.8750	0.0000	5.2246	5.2246	5.2246		23.1739
HBM5	1.8750	1.8750	1.8750	1.8750	5.2246	0.0000	5.2246	5.2246		23.1739
HBM6	1.8750	1.8750	1.8750	1.8750	5.2246	5.2246	0.0000	5.2246		23.1739
HBM7	1.8750	1.8750	1.8750	1.8750	5.2246	5.2246	5.2246	0.0000		23.1739
Col sum	23.1739	23.1739	23.1739	23.1739	23.1739	23.1739	23.1739	23.1739		185.3906
