Source\Dest	HBM0	HBM1	HBM2	HBM3	HBM4	HBM5	HBM6	HBM7		Row sum
HBM0	0.0000	4.7982	4.7982	4.7982	0.9961	0.9961	0.9961	0.9961		18.3789
HBM1	4.7982	0.0000	4.7982	4.7982	0.9961	0.9961	0.9961	0.9961		18.3789
HBM2	4.7982	4.7982	0.0000	4.7982	0.9961	0.9961	0.9961	0.9961		18.3789
HBM3	4.7982	4.7982	4.7982	0.0000	0.9961	0.9961	0.9961	0.9961		18.3789
HBM4	0.9961	0.9961	0.9961	0.9961	0.0000	4.7982	4.7982	4.7982		18.3789
HBM5	0.9961	0.9961	0.9961	0.9961	4.7982	0.0000	4.7982	4.7982		18.3789
HBM6	0.9961	0.9961	0.9961	0.9961	4.7982	4.7982	0.0000	4.7982		18.3789
HBM7	0.9961	0.9961	0.9961	0.9961	4.7982	4.7982	4.7982	0.0000		18.3789
Col sum	18.3789	18.3789	18.3789	18.3789	18.3789	18.3789	18.3789	18.3789		147.0316
