Source\Dest	HBM0	HBM1	HBM2	HBM3	HBM4	HBM5	HBM6	HBM7		Row sum
HBM0	0.0000	38.3856	38.3856	38.3856	7.9688	7.9688	7.9688	7.9688		147.0316
HBM1	38.3856	0.0000	38.3856	38.3856	7.9688	7.9688	7.9688	7.9688		147.0316
HBM2	38.3856	38.3856	0.0000	38.3856	7.9688	7.9688	7.9688	7.9688		147.0316
HBM3	38.3856	38.3856	38.3856	0.0000	7.9688	7.9688	7.9688	7.9688		147.0316
HBM4	7.9688	7.9688	7.9688	7.9688	0.0000	38.3856	38.3856	38.3856		147.0316
HBM5	7.9688	7.9688	7.9688	7.9688	38.3856	0.0000	38.3856	38.3856		147.0316
HBM6	7.9688	7.9688	7.9688	7.9688	38.3856	38.3856	0.0000	38.3856		147.0316
HBM7	7.9688	7.9688	7.9688	7.9688	38.3856	38.3856	38.3856	0.0000		147.0316
Col sum	147.0316	147.0316	147.0316	147.0316	147.0316	147.0316	147.0316	147.0316		1176.2528
