Source\Dest	HBM0	HBM1	HBM2	HBM3	HBM4	HBM5	HBM6	HBM7		Row sum
HBM0	0.0000	64.0000	64.0000	64.0000	64.0000	64.0000	64.0000	64.0000		448.0000
HBM1	64.0000	0.0000	64.0000	64.0000	64.0000	64.0000	64.0000	64.0000		448.0000
HBM2	64.0000	64.0000	0.0000	64.0000	64.0000	64.0000	64.0000	64.0000		448.0000
HBM3	64.0000	64.0000	64.0000	0.0000	64.0000	64.0000	64.0000	64.0000		448.0000
HBM4	64.0000	64.0000	64.0000	64.0000	0.0000	64.0000	64.0000	64.0000		448.0000
HBM5	64.0000	64.0000	64.0000	64.0000	64.0000	0.0000	64.0000	64.0000		448.0000
HBM6	64.0000	64.0000	64.0000	64.0000	64.0000	64.0000	0.0000	64.0000		448.0000
HBM7	64.0000	64.0000	64.0000	64.0000	64.0000	64.0000	64.0000	0.0000		448.0000
Col sum	448.0000	448.0000	448.0000	448.0000	448.0000	448.0000	448.0000	448.0000		3584.0000
