Source\Dest	HBM0	HBM1	HBM2	HBM3	HBM4	HBM5	HBM6	HBM7		Row sum
HBM0	0.0000	3.4490	3.4490	3.4490	0.5000	0.5000	0.5000	0.5000		12.3471
HBM1	3.4490	0.0000	3.4490	3.4490	0.5000	0.5000	0.5000	0.5000		12.3471
HBM2	3.4490	3.4490	0.0000	3.4490	0.5000	0.5000	0.5000	0.5000		12.3471
HBM3	3.4490	3.4490	3.4490	0.0000	0.5000	0.5000	0.5000	0.5000		12.3471
HBM4	0.5000	0.5000	0.5000	0.5000	0.0000	3.4490	3.4490	3.4490		12.3471
HBM5	0.5000	0.5000	0.5000	0.5000	3.4490	0.0000	3.4490	3.4490		12.3471
HBM6	0.5000	0.5000	0.5000	0.5000	3.4490	3.4490	0.0000	3.4490		12.3471
HBM7	0.5000	0.5000	0.5000	0.5000	3.4490	3.4490	3.4490	0.0000		12.3471
Col sum	12.3471	12.3471	12.3471	12.3471	12.3471	12.3471	12.3471	12.3471		98.7765
