Source\Dest	HBM0	HBM1	HBM2	HBM3	HBM4	HBM5	HBM6	HBM7		Row sum
HBM0	0.0000	9.5000	9.5000	9.5000	6.0000	6.0000	6.0000	6.0000		52.5000
HBM1	9.5000	0.0000	9.5000	9.5000	6.0000	6.0000	6.0000	6.0000		52.5000
HBM2	9.5000	9.5000	0.0000	9.5000	6.0000	6.0000	6.0000	6.0000		52.5000
HBM3	9.5000	9.5000	9.5000	0.0000	6.0000	6.0000	6.0000	6.0000		52.5000
HBM4	6.0000	6.0000	6.0000	6.0000	0.0000	9.5000	9.5000	9.5000		52.5000
HBM5	6.0000	6.0000	6.0000	6.0000	9.5000	0.0000	9.5000	9.5000		52.5000
HBM6	6.0000	6.0000	6.0000	6.0000	9.5000	9.5000	0.0000	9.5000		52.5000
HBM7	6.0000	6.0000	6.0000	6.0000	9.5000	9.5000	9.5000	0.0000		52.5000
Col sum	52.5000	52.5000	52.5000	52.5000	52.5000	52.5000	52.5000	52.5000		420.0000
