Source\Dest	HBM0	HBM1	HBM2	HBM3	HBM4	HBM5	HBM6	HBM7		Row sum
HBM0	0.0000	0.5000	0.5000	0.5000	0.5000	0.5000	0.5000	0.5000		3.5000
HBM1	0.5000	0.0000	0.5000	0.5000	0.5000	0.5000	0.5000	0.5000		3.5000
HBM2	0.5000	0.5000	0.0000	0.5000	0.5000	0.5000	0.5000	0.5000		3.5000
HBM3	0.5000	0.5000	0.5000	0.0000	0.5000	0.5000	0.5000	0.5000		3.5000
HBM4	0.5000	0.5000	0.5000	0.5000	0.0000	0.5000	0.5000	0.5000		3.5000
HBM5	0.5000	0.5000	0.5000	0.5000	0.5000	0.0000	0.5000	0.5000		3.5000
HBM6	0.5000	0.5000	0.5000	0.5000	0.5000	0.5000	0.0000	0.5000		3.5000
HBM7	0.5000	0.5000	0.5000	0.5000	0.5000	0.5000	0.5000	0.0000		3.5000
Col sum	3.5000	3.5000	3.5000	3.5000	3.5000	3.5000	3.5000	3.5000		28.0000
