Source\Dest	HBM0	HBM1	HBM2	HBM3	HBM4	HBM5	HBM6	HBM7		Row sum
HBM0	0.0000	13.7961	13.7961	13.7961	1.9999	1.9999	1.9999	1.9999		49.3882
HBM1	13.7961	0.0000	13.7961	13.7961	1.9999	1.9999	1.9999	1.9999		49.3882
HBM2	13.7961	13.7961	0.0000	13.7961	1.9999	1.9999	1.9999	1.9999		49.3882
HBM3	13.7961	13.7961	13.7961	0.0000	1.9999	1.9999	1.9999	1.9999		49.3882
HBM4	1.9999	1.9999	1.9999	1.9999	0.0000	13.7961	13.7961	13.7961		49.3882
HBM5	1.9999	1.9999	1.9999	1.9999	13.7961	0.0000	13.7961	13.7961		49.3882
HBM6	1.9999	1.9999	1.9999	1.9999	13.7961	13.7961	0.0000	13.7961		49.3882
HBM7	1.9999	1.9999	1.9999	1.9999	13.7961	13.7961	13.7961	0.0000		49.3882
Col sum	49.3882	49.3882	49.3882	49.3882	49.3882	49.3882	49.3882	49.3882		395.1060
