Source\Dest	HBM0	HBM1	HBM2	HBM3	HBM4	HBM5	HBM6	HBM7		Row sum
HBM0	0.0000	4.0000	4.0000	4.0000	4.0000	4.0000	4.0000	4.0000		28.0000
HBM1	4.0000	0.0000	4.0000	4.0000	4.0000	4.0000	4.0000	4.0000		28.0000
HBM2	4.0000	4.0000	0.0000	4.0000	4.0000	4.0000	4.0000	4.0000		28.0000
HBM3	4.0000	4.0000	4.0000	0.0000	4.0000	4.0000	4.0000	4.0000		28.0000
HBM4	4.0000	4.0000	4.0000	4.0000	0.0000	4.0000	4.0000	4.0000		28.0000
HBM5	4.0000	4.0000	4.0000	4.0000	4.0000	0.0000	4.0000	4.0000		28.0000
HBM6	4.0000	4.0000	4.0000	4.0000	4.0000	4.0000	0.0000	4.0000		28.0000
HBM7	4.0000	4.0000	4.0000	4.0000	4.0000	4.0000	4.0000	0.0000		28.0000
Col sum	28.0000	28.0000	28.0000	28.0000	28.0000	28.0000	28.0000	28.0000		224.0000
