Source\Dest	HBM0	HBM1	HBM2	HBM3	HBM4	HBM5	HBM6	HBM7		Row sum
HBM0	0.0000	1.1995	1.1995	1.1995	0.2490	0.2490	0.2490	0.2490		4.5947
HBM1	1.1995	0.0000	1.1995	1.1995	0.2490	0.2490	0.2490	0.2490		4.5947
HBM2	1.1995	1.1995	0.0000	1.1995	0.2490	0.2490	0.2490	0.2490		4.5947
HBM3	1.1995	1.1995	1.1995	0.0000	0.2490	0.2490	0.2490	0.2490		4.5947
HBM4	0.2490	0.2490	0.2490	0.2490	0.0000	1.1995	1.1995	1.1995		4.5947
HBM5	0.2490	0.2490	0.2490	0.2490	1.1995	0.0000	1.1995	1.1995		4.5947
HBM6	0.2490	0.2490	0.2490	0.2490	1.1995	1.1995	0.0000	1.1995		4.5947
HBM7	0.2490	0.2490	0.2490	0.2490	1.1995	1.1995	1.1995	0.0000		4.5947
Col sum	4.5947	4.5947	4.5947	4.5947	4.5947	4.5947	4.5947	4.5947		36.7579
