Source\Dest	HBM0	HBM1	HBM2	HBM3	HBM4	HBM5	HBM6	HBM7		Row sum
HBM0	0.0000	20.8984	20.8984	20.8984	7.5000	7.5000	7.5000	7.5000		92.6954
HBM1	20.8984	0.0000	20.8984	20.8984	7.5000	7.5000	7.5000	7.5000		92.6954
HBM2	20.8984	20.8984	0.0000	20.8984	7.5000	7.5000	7.5000	7.5000		92.6954
HBM3	20.8984	20.8984	20.8984	0.0000	7.5000	7.5000	7.5000	7.5000		92.6954
HBM4	7.5000	7.5000	7.5000	7.5000	0.0000	20.8984	20.8984	20.8984		92.6954
HBM5	7.5000	7.5000	7.5000	7.5000	20.8984	0.0000	20.8984	20.8984		92.6954
HBM6	7.5000	7.5000	7.5000	7.5000	20.8984	20.8984	0.0000	20.8984		92.6954
HBM7	7.5000	7.5000	7.5000	7.5000	20.8984	20.8984	20.8984	0.0000		92.6954
Col sum	92.6954	92.6954	92.6954	92.6954	92.6954	92.6954	92.6954	92.6954		741.5626
