Source\Dest	HBM0	HBM1	HBM2	HBM3	HBM4	HBM5	HBM6	HBM7		Row sum
HBM0	0.0000	1.3061	1.3061	1.3061	0.4688	0.4688	0.4688	0.4688		5.7935
HBM1	1.3061	0.0000	1.3061	1.3061	0.4688	0.4688	0.4688	0.4688		5.7935
HBM2	1.3061	1.3061	0.0000	1.3061	0.4688	0.4688	0.4688	0.4688		5.7935
HBM3	1.3061	1.3061	1.3061	0.0000	0.4688	0.4688	0.4688	0.4688		5.7935
HBM4	0.4688	0.4688	0.4688	0.4688	0.0000	1.3061	1.3061	1.3061		5.7935
HBM5	0.4688	0.4688	0.4688	0.4688	1.3061	0.0000	1.3061	1.3061		5.7935
HBM6	0.4688	0.4688	0.4688	0.4688	1.3061	1.3061	0.0000	1.3061		5.7935
HBM7	0.4688	0.4688	0.4688	0.4688	1.3061	1.3061	1.3061	0.0000		5.7935
Col sum	5.7935	5.7935	5.7935	5.7935	5.7935	5.7935	5.7935	5.7935		46.3477
