Source\Dest	HBM0	HBM1	HBM2	HBM3	HBM4	HBM5	HBM6	HBM7		Row sum
HBM0	0.0000	32.0000	32.0000	32.0000	32.0000	32.0000	32.0000	32.0000		224.0000
HBM1	32.0000	0.0000	32.0000	32.0000	32.0000	32.0000	32.0000	32.0000		224.0000
HBM2	32.0000	32.0000	0.0000	32.0000	32.0000	32.0000	32.0000	32.0000		224.0000
HBM3	32.0000	32.0000	32.0000	0.0000	32.0000	32.0000	32.0000	32.0000		224.0000
HBM4	32.0000	32.0000	32.0000	32.0000	0.0000	32.0000	32.0000	32.0000		224.0000
HBM5	32.0000	32.0000	32.0000	32.0000	32.0000	0.0000	32.0000	32.0000		224.0000
HBM6	32.0000	32.0000	32.0000	32.0000	32.0000	32.0000	0.0000	32.0000		224.0000
HBM7	32.0000	32.0000	32.0000	32.0000	32.0000	32.0000	32.0000	0.0000		224.0000
Col sum	224.0000	224.0000	224.0000	224.0000	224.0000	224.0000	224.0000	224.0000		1792.0000