Source\Dest	HBM0	HBM1	HBM2	HBM3	HBM4	HBM5	HBM6	HBM7		Row sum
HBM0	0.0000	19.1928	19.1928	19.1928	3.9844	3.9844	3.9844	3.9844		73.5158
HBM1	19.1928	0.0000	19.1928	19.1928	3.9844	3.9844	3.9844	3.9844		73.5158
HBM2	19.1928	19.1928	0.0000	19.1928	3.9844	3.9844	3.9844	3.9844		73.5158
HBM3	19.1928	19.1928	19.1928	0.0000	3.9844	3.9844	3.9844	3.9844		73.5158
HBM4	3.9844	3.9844	3.9844	3.9844	0.0000	19.1928	19.1928	19.1928		73.5158
HBM5	3.9844	3.9844	3.9844	3.9844	19.1928	0.0000	19.1928	19.1928		73.5158
HBM6	3.9844	3.9844	3.9844	3.9844	19.1928	19.1928	0.0000	19.1928		73.5158
HBM7	3.9844	3.9844	3.9844	3.9844	19.1928	19.1928	19.1928	0.0000		73.5158
Col sum	73.5158	73.5158	73.5158	73.5158	73.5158	73.5158	73.5158	73.5158		588.1264