Source\Dest	HBM0	HBM1	HBM2	HBM3	HBM4	HBM5	HBM6	HBM7		Row sum
HBM0	0.0000	27.5922	27.5922	27.5922	3.9999	3.9999	3.9999	3.9999		98.7765
HBM1	27.5922	0.0000	27.5922	27.5922	3.9999	3.9999	3.9999	3.9999		98.7765
HBM2	27.5922	27.5922	0.0000	27.5922	3.9999	3.9999	3.9999	3.9999		98.7765
HBM3	27.5922	27.5922	27.5922	0.0000	3.9999	3.9999	3.9999	3.9999		98.7765
HBM4	3.9999	3.9999	3.9999	3.9999	0.0000	27.5922	27.5922	27.5922		98.7765
HBM5	3.9999	3.9999	3.9999	3.9999	27.5922	0.0000	27.5922	27.5922		98.7765
HBM6	3.9999	3.9999	3.9999	3.9999	27.5922	27.5922	0.0000	27.5922		98.7765
HBM7	3.9999	3.9999	3.9999	3.9999	27.5922	27.5922	27.5922	0.0000		98.7765
Col sum	98.7765	98.7765	98.7765	98.7765	98.7765	98.7765	98.7765	98.7765		790.2119