Source\Dest	HBM0	HBM1	HBM2	HBM3	HBM4	HBM5	HBM6	HBM7		Row sum
HBM0	0.0000	8.0000	8.0000	8.0000	8.0000	8.0000	8.0000	8.0000		56.0000
HBM1	8.0000	0.0000	8.0000	8.0000	8.0000	8.0000	8.0000	8.0000		56.0000
HBM2	8.0000	8.0000	0.0000	8.0000	8.0000	8.0000	8.0000	8.0000		56.0000
HBM3	8.0000	8.0000	8.0000	0.0000	8.0000	8.0000	8.0000	8.0000		56.0000
HBM4	8.0000	8.0000	8.0000	8.0000	0.0000	8.0000	8.0000	8.0000		56.0000
HBM5	8.0000	8.0000	8.0000	8.0000	8.0000	0.0000	8.0000	8.0000		56.0000
HBM6	8.0000	8.0000	8.0000	8.0000	8.0000	8.0000	0.0000	8.0000		56.0000
HBM7	8.0000	8.0000	8.0000	8.0000	8.0000	8.0000	8.0000	0.0000		56.0000
Col sum	56.0000	56.0000	56.0000	56.0000	56.0000	56.0000	56.0000	56.0000		448.0000