Source\Dest	HBM0	HBM1	HBM2	HBM3	HBM4	HBM5	HBM6	HBM7		Row sum
HBM0	0.0000	9.5964	9.5964	9.5964	1.9922	1.9922	1.9922	1.9922		36.7579
HBM1	9.5964	0.0000	9.5964	9.5964	1.9922	1.9922	1.9922	1.9922		36.7579
HBM2	9.5964	9.5964	0.0000	9.5964	1.9922	1.9922	1.9922	1.9922		36.7579
HBM3	9.5964	9.5964	9.5964	0.0000	1.9922	1.9922	1.9922	1.9922		36.7579
HBM4	1.9922	1.9922	1.9922	1.9922	0.0000	9.5964	9.5964	9.5964		36.7579
HBM5	1.9922	1.9922	1.9922	1.9922	9.5964	0.0000	9.5964	9.5964		36.7579
HBM6	1.9922	1.9922	1.9922	1.9922	9.5964	9.5964	0.0000	9.5964		36.7579
HBM7	1.9922	1.9922	1.9922	1.9922	9.5964	9.5964	9.5964	0.0000		36.7579
Col sum	36.7579	36.7579	36.7579	36.7579	36.7579	36.7579	36.7579	36.7579		294.0632
