Source\Dest	HBM0	HBM1	HBM2	HBM3	HBM4	HBM5	HBM6	HBM7		Row sum
HBM0	0.0000	2.6123	2.6123	2.6123	0.9375	0.9375	0.9375	0.9375		11.5869
HBM1	2.6123	0.0000	2.6123	2.6123	0.9375	0.9375	0.9375	0.9375		11.5869
HBM2	2.6123	2.6123	0.0000	2.6123	0.9375	0.9375	0.9375	0.9375		11.5869
HBM3	2.6123	2.6123	2.6123	0.0000	0.9375	0.9375	0.9375	0.9375		11.5869
HBM4	0.9375	0.9375	0.9375	0.9375	0.0000	2.6123	2.6123	2.6123		11.5869
HBM5	0.9375	0.9375	0.9375	0.9375	2.6123	0.0000	2.6123	2.6123		11.5869
HBM6	0.9375	0.9375	0.9375	0.9375	2.6123	2.6123	0.0000	2.6123		11.5869
HBM7	0.9375	0.9375	0.9375	0.9375	2.6123	2.6123	2.6123	0.0000		11.5869
Col sum	11.5869	11.5869	11.5869	11.5869	11.5869	11.5869	11.5869	11.5869		92.6953
