	Destination
Source	Core0	Core1	HBM0	HBM1	HBM2	HBM3	HBM4	HBM5	HBM6	HBM7		Row sum
Core0	0.000000	0.000000	3.750000	3.750000	3.750000	3.750000	3.750000	3.750000	3.750000	3.750000		30.000000
Core1	0.000000	0.000000	3.750000	3.750000	3.750000	3.750000	3.750000	3.750000	3.750000	3.750000		30.000000
HBM0	7.500000	0.000000	0.000000	5.224600	5.224600	5.224600	0.000000	0.000000	0.000000	0.000000		23.173800
HBM1	7.500000	0.000000	5.224600	0.000000	5.224600	5.224600	0.000000	0.000000	0.000000	0.000000		23.173800
HBM2	0.000000	7.500000	5.224600	5.224600	0.000000	5.224600	0.000000	0.000000	0.000000	0.000000		23.173800
HBM3	0.000000	7.500000	5.224600	5.224600	5.224600	0.000000	0.000000	0.000000	0.000000	0.000000		23.173800
HBM4	7.500000	0.000000	0.000000	0.000000	0.000000	0.000000	0.000000	5.224600	5.224600	5.224600		23.173800
HBM5	7.500000	0.000000	0.000000	0.000000	0.000000	0.000000	5.224600	0.000000	5.224600	5.224600		23.173800
HBM6	0.000000	7.500000	0.000000	0.000000	0.000000	0.000000	5.224600	5.224600	0.000000	5.224600		23.173800
HBM7	0.000000	7.500000	0.000000	0.000000	0.000000	0.000000	5.224600	5.224600	5.224600	0.000000		23.173800
Col sum	30.000000	30.000000	23.173800	23.173800	23.173800	23.173800	23.173800	23.173800	23.173800	23.173800		245.390400
