	Destination										
Source	Core0	Core1	HBM0	HBM1	HBM2	HBM3	HBM4	HBM5	HBM6	HBM7	Row sum
Core0	0.0000	0.0000	15.9376	15.9376	15.9376	15.9376	15.9376	15.9376	15.9376	15.9376	127.5000
Core1	0.0000	0.0000	15.9376	15.9376	15.9376	15.9376	15.9376	15.9376	15.9376	15.9376	127.5000
HBM0	31.8750	0.0000	0.0000	38.3856	38.3856	38.3856	0.0000	0.0000	0.0000	0.0000	147.0316
HBM1	31.8750	0.0000	38.3856	0.0000	38.3856	38.3856	0.0000	0.0000	0.0000	0.0000	147.0316
HBM2	0.0000	31.8750	38.3856	38.3856	0.0000	38.3856	0.0000	0.0000	0.0000	0.0000	147.0316
HBM3	0.0000	31.8750	38.3856	38.3856	38.3856	0.0000	0.0000	0.0000	0.0000	0.0000	147.0316
HBM4	31.8750	0.0000	0.0000	0.0000	0.0000	0.0000	0.0000	38.3856	38.3856	38.3856	147.0316
HBM5	31.8750	0.0000	0.0000	0.0000	0.0000	0.0000	38.3856	0.0000	38.3856	38.3856	147.0316
HBM6	0.0000	31.8750	0.0000	0.0000	0.0000	0.0000	38.3856	38.3856	0.0000	38.3856	147.0316
HBM7	0.0000	31.8750	0.0000	0.0000	0.0000	0.0000	38.3856	38.3856	38.3856	0.0000	147.0316
Col sum	127.5000	127.5000	147.0316	147.0316	147.0316	147.0316	147.0316	147.0316	147.0316	147.0316	1431.2528
