	Destination										
Source	Core0	Core1	HBM0	HBM1	HBM2	HBM3	HBM4	HBM5	HBM6	HBM7	Row sum
Core0	0.0000	0.0000	0.2500	0.2500	0.2500	0.2500	0.2500	0.2500	0.2500	0.2500	2.0000
Core1	0.0000	0.0000	0.2500	0.2500	0.2500	0.2500	0.2500	0.2500	0.2500	0.2500	2.0000
HBM0	0.5000	0.0000	0.0000	0.1250	0.1250	0.1250	0.0000	0.0000	0.0000	0.0000	0.8750
HBM1	0.5000	0.0000	0.1250	0.0000	0.1250	0.1250	0.0000	0.0000	0.0000	0.0000	0.8750
HBM2	0.0000	0.5000	0.1250	0.1250	0.0000	0.1250	0.0000	0.0000	0.0000	0.0000	0.8750
HBM3	0.0000	0.5000	0.1250	0.1250	0.1250	0.0000	0.0000	0.0000	0.0000	0.0000	0.8750
HBM4	0.5000	0.0000	0.0000	0.0000	0.0000	0.0000	0.0000	0.1250	0.1250	0.1250	0.8750
HBM5	0.5000	0.0000	0.0000	0.0000	0.0000	0.0000	0.1250	0.0000	0.1250	0.1250	0.8750
HBM6	0.0000	0.5000	0.0000	0.0000	0.0000	0.0000	0.1250	0.1250	0.0000	0.1250	0.8750
HBM7	0.0000	0.5000	0.0000	0.0000	0.0000	0.0000	0.1250	0.1250	0.1250	0.0000	0.8750
Col sum	2.0000	2.0000	0.8750	0.8750	0.8750	0.8750	0.8750	0.8750	0.8750	0.8750	11.0000
