	Destination										
Source	Core0	Core1	HBM0	HBM1	HBM2	HBM3	HBM4	HBM5	HBM6	HBM7	Row sum
Core0	0.0000	0.0000	0.9961	0.9961	0.9961	0.9961	0.9961	0.9961	0.9961	0.9961	7.9688
Core1	0.0000	0.0000	0.9961	0.9961	0.9961	0.9961	0.9961	0.9961	0.9961	0.9961	7.9688
HBM0	1.9922	0.0000	0.0000	2.3991	2.3991	2.3991	0.0000	0.0000	0.0000	0.0000	9.1895
HBM1	1.9922	0.0000	2.3991	0.0000	2.3991	2.3991	0.0000	0.0000	0.0000	0.0000	9.1895
HBM2	0.0000	1.9922	2.3991	2.3991	0.0000	2.3991	0.0000	0.0000	0.0000	0.0000	9.1895
HBM3	0.0000	1.9922	2.3991	2.3991	2.3991	0.0000	0.0000	0.0000	0.0000	0.0000	9.1895
HBM4	1.9922	0.0000	0.0000	0.0000	0.0000	0.0000	0.0000	2.3991	2.3991	2.3991	9.1895
HBM5	1.9922	0.0000	0.0000	0.0000	0.0000	0.0000	2.3991	0.0000	2.3991	2.3991	9.1895
HBM6	0.0000	1.9922	0.0000	0.0000	0.0000	0.0000	2.3991	2.3991	0.0000	2.3991	9.1895
HBM7	0.0000	1.9922	0.0000	0.0000	0.0000	0.0000	2.3991	2.3991	2.3991	0.0000	9.1895
Col sum	7.9688	7.9688	9.1895	9.1895	9.1895	9.1895	9.1895	9.1895	9.1895	9.1895	89.4533
