	Destination										
Source	Core0	Core1	HBM0	HBM1	HBM2	HBM3	HBM4	HBM5	HBM6	HBM7	Row sum
Core0	0.0000	0.0000	1.0000	1.0000	1.0000	1.0000	1.0000	1.0000	1.0000	1.0000	7.9999
Core1	0.0000	0.0000	1.0000	1.0000	1.0000	1.0000	1.0000	1.0000	1.0000	1.0000	7.9999
HBM0	2.0000	0.0000	0.0000	3.4490	3.4490	3.4490	0.0000	0.0000	0.0000	0.0000	12.3471
HBM1	2.0000	0.0000	3.4490	0.0000	3.4490	3.4490	0.0000	0.0000	0.0000	0.0000	12.3471
HBM2	0.0000	2.0000	3.4490	3.4490	0.0000	3.4490	0.0000	0.0000	0.0000	0.0000	12.3471
HBM3	0.0000	2.0000	3.4490	3.4490	3.4490	0.0000	0.0000	0.0000	0.0000	0.0000	12.3471
HBM4	2.0000	0.0000	0.0000	0.0000	0.0000	0.0000	0.0000	3.4490	3.4490	3.4490	12.3471
HBM5	2.0000	0.0000	0.0000	0.0000	0.0000	0.0000	3.4490	0.0000	3.4490	3.4490	12.3471
HBM6	0.0000	2.0000	0.0000	0.0000	0.0000	0.0000	3.4490	3.4490	0.0000	3.4490	12.3471
HBM7	0.0000	2.0000	0.0000	0.0000	0.0000	0.0000	3.4490	3.4490	3.4490	0.0000	12.3471
Col sum	7.9999	7.9999	12.3471	12.3471	12.3471	12.3471	12.3471	12.3471	12.3471	12.3471	114.7762
