	Destination
Source	Core0	Core1	HBM0	HBM1	HBM2	HBM3	HBM4	HBM5	HBM6	HBM7		Row sum
Core0	0.000000	0.000000	3.984400	3.984400	3.984400	3.984400	3.984400	3.984400	3.984400	3.984400		31.875200
Core1	0.000000	0.000000	3.984400	3.984400	3.984400	3.984400	3.984400	3.984400	3.984400	3.984400		31.875200
HBM0	7.968750	0.000000	0.000000	9.596400	9.596400	9.596400	0.000000	0.000000	0.000000	0.000000		36.757950
HBM1	7.968750	0.000000	9.596400	0.000000	9.596400	9.596400	0.000000	0.000000	0.000000	0.000000		36.757950
HBM2	0.000000	7.968750	9.596400	9.596400	0.000000	9.596400	0.000000	0.000000	0.000000	0.000000		36.757950
HBM3	0.000000	7.968750	9.596400	9.596400	9.596400	0.000000	0.000000	0.000000	0.000000	0.000000		36.757950
HBM4	7.968750	0.000000	0.000000	0.000000	0.000000	0.000000	0.000000	9.596400	9.596400	9.596400		36.757950
HBM5	7.968750	0.000000	0.000000	0.000000	0.000000	0.000000	9.596400	0.000000	9.596400	9.596400		36.757950
HBM6	0.000000	7.968750	0.000000	0.000000	0.000000	0.000000	9.596400	9.596400	0.000000	9.596400		36.757950
HBM7	0.000000	7.968750	0.000000	0.000000	0.000000	0.000000	9.596400	9.596400	9.596400	0.000000		36.757950
Col sum	31.875000	31.875000	36.758000	36.758000	36.758000	36.758000	36.758000	36.758000	36.758000	36.758000		357.814000
