	Destination										
Source	Core0	Core1	HBM0	HBM1	HBM2	HBM3	HBM4	HBM5	HBM6	HBM7	Row sum
Core0	0.0000	0.0000	2.0000	2.0000	2.0000	2.0000	2.0000	2.0000	2.0000	2.0000	16.0000
Core1	0.0000	0.0000	2.0000	2.0000	2.0000	2.0000	2.0000	2.0000	2.0000	2.0000	16.0000
HBM0	4.0000	0.0000	0.0000	1.0000	1.0000	1.0000	0.0000	0.0000	0.0000	0.0000	7.0000
HBM1	4.0000	0.0000	1.0000	0.0000	1.0000	1.0000	0.0000	0.0000	0.0000	0.0000	7.0000
HBM2	0.0000	4.0000	1.0000	1.0000	0.0000	1.0000	0.0000	0.0000	0.0000	0.0000	7.0000
HBM3	0.0000	4.0000	1.0000	1.0000	1.0000	0.0000	0.0000	0.0000	0.0000	0.0000	7.0000
HBM4	4.0000	0.0000	0.0000	0.0000	0.0000	0.0000	0.0000	1.0000	1.0000	1.0000	7.0000
HBM5	4.0000	0.0000	0.0000	0.0000	0.0000	0.0000	1.0000	0.0000	1.0000	1.0000	7.0000
HBM6	0.0000	4.0000	0.0000	0.0000	0.0000	0.0000	1.0000	1.0000	0.0000	1.0000	7.0000
HBM7	0.0000	4.0000	0.0000	0.0000	0.0000	0.0000	1.0000	1.0000	1.0000	0.0000	7.0000
Col sum	16.0000	16.0000	7.0000	7.0000	7.0000	7.0000	7.0000	7.0000	7.0000	7.0000	88.0000
