	Destination										
Source	Core0	Core1	HBM0	HBM1	HBM2	HBM3	HBM4	HBM5	HBM6	HBM7	Row sum
Core0	0.0000	0.0000	8.0000	8.0000	8.0000	8.0000	8.0000	8.0000	8.0000	8.0000	64.0000
Core1	0.0000	0.0000	8.0000	8.0000	8.0000	8.0000	8.0000	8.0000	8.0000	8.0000	64.0000
HBM0	16.0000	0.0000	0.0000	4.0000	4.0000	4.0000	0.0000	0.0000	0.0000	0.0000	28.0000
HBM1	16.0000	0.0000	4.0000	0.0000	4.0000	4.0000	0.0000	0.0000	0.0000	0.0000	28.0000
HBM2	0.0000	16.0000	4.0000	4.0000	0.0000	4.0000	0.0000	0.0000	0.0000	0.0000	28.0000
HBM3	0.0000	16.0000	4.0000	4.0000	4.0000	0.0000	0.0000	0.0000	0.0000	0.0000	28.0000
HBM4	16.0000	0.0000	0.0000	0.0000	0.0000	0.0000	0.0000	4.0000	4.0000	4.0000	28.0000
HBM5	16.0000	0.0000	0.0000	0.0000	0.0000	0.0000	4.0000	0.0000	4.0000	4.0000	28.0000
HBM6	0.0000	16.0000	0.0000	0.0000	0.0000	0.0000	4.0000	4.0000	0.0000	4.0000	28.0000
HBM7	0.0000	16.0000	0.0000	0.0000	0.0000	0.0000	4.0000	4.0000	4.0000	0.0000	28.0000
Col sum	64.0000	64.0000	28.0000	28.0000	28.0000	28.0000	28.0000	28.0000	28.0000	28.0000	352.0000
