	Destination
Source	Core0	Core1	HBM0	HBM1	HBM2	HBM3	HBM4	HBM5	HBM6	HBM7		Row sum
Core0	0.000000	0.000000	0.750000	0.750000	0.750000	0.750000	0.750000	0.750000	0.750000	0.750000		6.000000
Core1	0.000000	0.000000	0.750000	0.750000	0.750000	0.750000	0.750000	0.750000	0.750000	0.750000		6.000000
HBM0	1.500000	0.000000	0.000000	0.593750	0.593750	0.593750	0.000000	0.000000	0.000000	0.000000		3.281250
HBM1	1.500000	0.000000	0.593750	0.000000	0.593750	0.593750	0.000000	0.000000	0.000000	0.000000		3.281250
HBM2	0.000000	1.500000	0.593750	0.593750	0.000000	0.593750	0.000000	0.000000	0.000000	0.000000		3.281250
HBM3	0.000000	1.500000	0.593750	0.593750	0.593750	0.000000	0.000000	0.000000	0.000000	0.000000		3.281250
HBM4	1.500000	0.000000	0.000000	0.000000	0.000000	0.000000	0.000000	0.593750	0.593750	0.593750		3.281250
HBM5	1.500000	0.000000	0.000000	0.000000	0.000000	0.000000	0.593750	0.000000	0.593750	0.593750		3.281250
HBM6	0.000000	1.500000	0.000000	0.000000	0.000000	0.000000	0.593750	0.593750	0.000000	0.593750		3.281250
HBM7	0.000000	1.500000	0.000000	0.000000	0.000000	0.000000	0.593750	0.593750	0.593750	0.000000		3.281250
Col sum	6.000000	6.000000	3.281250	3.281250	3.281250	3.281250	3.281250	3.281250	3.281250	3.281250		38.250000
