	Destination
Source	Core0	Core1	HBM0	HBM1	HBM2	HBM3	HBM4	HBM5	HBM6	HBM7		Row sum
Core0	0.000000	0.000000	15.937600	15.937600	15.937600	15.937600	15.937600	15.937600	15.937600	15.937600		127.500800
Core1	0.000000	0.000000	15.937600	15.937600	15.937600	15.937600	15.937600	15.937600	15.937600	15.937600		127.500800
HBM0	31.875000	0.000000	0.000000	38.385600	38.385600	38.385600	0.000000	0.000000	0.000000	0.000000		147.031800
HBM1	31.875000	0.000000	38.385600	0.000000	38.385600	38.385600	0.000000	0.000000	0.000000	0.000000		147.031800
HBM2	0.000000	31.875000	38.385600	38.385600	0.000000	38.385600	0.000000	0.000000	0.000000	0.000000		147.031800
HBM3	0.000000	31.875000	38.385600	38.385600	38.385600	0.000000	0.000000	0.000000	0.000000	0.000000		147.031800
HBM4	31.875000	0.000000	0.000000	0.000000	0.000000	0.000000	0.000000	38.385600	38.385600	38.385600		147.031800
HBM5	31.875000	0.000000	0.000000	0.000000	0.000000	0.000000	38.385600	0.000000	38.385600	38.385600		147.031800
HBM6	0.000000	31.875000	0.000000	0.000000	0.000000	0.000000	38.385600	38.385600	0.000000	38.385600		147.031800
HBM7	0.000000	31.875000	0.000000	0.000000	0.000000	0.000000	38.385600	38.385600	38.385600	0.000000		147.031800
Col sum	127.500000	127.500000	147.032000	147.032000	147.032000	147.032000	147.032000	147.032000	147.032000	147.032000		1431.256000
