	Destination
Source	Core0	Core1	HBM0	HBM1	HBM2	HBM3	HBM4	HBM5	HBM6	HBM7		Row sum
Core0	0.000000	0.000000	3.000000	3.000000	3.000000	3.000000	3.000000	3.000000	3.000000	3.000000		24.000000
Core1	0.000000	0.000000	3.000000	3.000000	3.000000	3.000000	3.000000	3.000000	3.000000	3.000000		24.000000
HBM0	6.000000	0.000000	0.000000	2.375000	2.375000	2.375000	0.000000	0.000000	0.000000	0.000000		13.125000
HBM1	6.000000	0.000000	2.375000	0.000000	2.375000	2.375000	0.000000	0.000000	0.000000	0.000000		13.125000
HBM2	0.000000	6.000000	2.375000	2.375000	0.000000	2.375000	0.000000	0.000000	0.000000	0.000000		13.125000
HBM3	0.000000	6.000000	2.375000	2.375000	2.375000	0.000000	0.000000	0.000000	0.000000	0.000000		13.125000
HBM4	6.000000	0.000000	0.000000	0.000000	0.000000	0.000000	0.000000	2.375000	2.375000	2.375000		13.125000
HBM5	6.000000	0.000000	0.000000	0.000000	0.000000	0.000000	2.375000	0.000000	2.375000	2.375000		13.125000
HBM6	0.000000	6.000000	0.000000	0.000000	0.000000	0.000000	2.375000	2.375000	0.000000	2.375000		13.125000
HBM7	0.000000	6.000000	0.000000	0.000000	0.000000	0.000000	2.375000	2.375000	2.375000	0.000000		13.125000
Col sum	24.000000	24.000000	13.125000	13.125000	13.125000	13.125000	13.125000	13.125000	13.125000	13.125000		153.000000
