	Destination
Source	Core0	Core1	HBM0	HBM1	HBM2	HBM3	HBM4	HBM5	HBM6	HBM7		Row sum
Core0	0.000000	0.000000	1.992200	1.992200	1.992200	1.992200	1.992200	1.992200	1.992200	1.992200		15.937600
Core1	0.000000	0.000000	1.992200	1.992200	1.992200	1.992200	1.992200	1.992200	1.992200	1.992200		15.937600
HBM0	3.984375	0.000000	0.000000	4.798200	4.798200	4.798200	0.000000	0.000000	0.000000	0.000000		18.378975
HBM1	3.984375	0.000000	4.798200	0.000000	4.798200	4.798200	0.000000	0.000000	0.000000	0.000000		18.378975
HBM2	0.000000	3.984375	4.798200	4.798200	0.000000	4.798200	0.000000	0.000000	0.000000	0.000000		18.378975
HBM3	0.000000	3.984375	4.798200	4.798200	4.798200	0.000000	0.000000	0.000000	0.000000	0.000000		18.378975
HBM4	3.984375	0.000000	0.000000	0.000000	0.000000	0.000000	0.000000	4.798200	4.798200	4.798200		18.378975
HBM5	3.984375	0.000000	0.000000	0.000000	0.000000	0.000000	4.798200	0.000000	4.798200	4.798200		18.378975
HBM6	0.000000	3.984375	0.000000	0.000000	0.000000	0.000000	4.798200	4.798200	0.000000	4.798200		18.378975
HBM7	0.000000	3.984375	0.000000	0.000000	0.000000	0.000000	4.798200	4.798200	4.798200	0.000000		18.378975
Col sum	15.937500	15.937500	18.379000	18.379000	18.379000	18.379000	18.379000	18.379000	18.379000	18.379000		178.907000
