	Destination
Source	Core0	Core1	HBM0	HBM1	HBM2	HBM3	HBM4	HBM5	HBM6	HBM7		Row sum
Core0	0.000000	0.000000	0.500000	0.500000	0.500000	0.500000	0.500000	0.500000	0.500000	0.500000		4.000000
Core1	0.000000	0.000000	0.500000	0.500000	0.500000	0.500000	0.500000	0.500000	0.500000	0.500000		4.000000
HBM0	1.000000	0.000000	0.000000	0.250000	0.250000	0.250000	0.000000	0.000000	0.000000	0.000000		1.750000
HBM1	1.000000	0.000000	0.250000	0.000000	0.250000	0.250000	0.000000	0.000000	0.000000	0.000000		1.750000
HBM2	0.000000	1.000000	0.250000	0.250000	0.000000	0.250000	0.000000	0.000000	0.000000	0.000000		1.750000
HBM3	0.000000	1.000000	0.250000	0.250000	0.250000	0.000000	0.000000	0.000000	0.000000	0.000000		1.750000
HBM4	1.000000	0.000000	0.000000	0.000000	0.000000	0.000000	0.000000	0.250000	0.250000	0.250000		1.750000
HBM5	1.000000	0.000000	0.000000	0.000000	0.000000	0.000000	0.250000	0.000000	0.250000	0.250000		1.750000
HBM6	0.000000	1.000000	0.000000	0.000000	0.000000	0.000000	0.250000	0.250000	0.000000	0.250000		1.750000
HBM7	0.000000	1.000000	0.000000	0.000000	0.000000	0.000000	0.250000	0.250000	0.250000	0.000000		1.750000
Col sum	4.000000	4.000000	1.750000	1.750000	1.750000	1.750000	1.750000	1.750000	1.750000	1.750000		22.000000
