	Destination										
Source	Core0	Core1	HBM0	HBM1	HBM2	HBM3	HBM4	HBM5	HBM6	HBM7	Row sum
Core0	0.0000	0.0000	3.9844	3.9844	3.9844	3.9844	3.9844	3.9844	3.9844	3.9844	31.8750
Core1	0.0000	0.0000	3.9844	3.9844	3.9844	3.9844	3.9844	3.9844	3.9844	3.9844	31.8750
HBM0	7.9688	0.0000	0.0000	9.5964	9.5964	9.5964	0.0000	0.0000	0.0000	0.0000	36.7579
HBM1	7.9688	0.0000	9.5964	0.0000	9.5964	9.5964	0.0000	0.0000	0.0000	0.0000	36.7579
HBM2	0.0000	7.9688	9.5964	9.5964	0.0000	9.5964	0.0000	0.0000	0.0000	0.0000	36.7579
HBM3	0.0000	7.9688	9.5964	9.5964	9.5964	0.0000	0.0000	0.0000	0.0000	0.0000	36.7579
HBM4	7.9688	0.0000	0.0000	0.0000	0.0000	0.0000	0.0000	9.5964	9.5964	9.5964	36.7579
HBM5	7.9688	0.0000	0.0000	0.0000	0.0000	0.0000	9.5964	0.0000	9.5964	9.5964	36.7579
HBM6	0.0000	7.9688	0.0000	0.0000	0.0000	0.0000	9.5964	9.5964	0.0000	9.5964	36.7579
HBM7	0.0000	7.9688	0.0000	0.0000	0.0000	0.0000	9.5964	9.5964	9.5964	0.0000	36.7579
Col sum	31.8750	31.8750	36.7579	36.7579	36.7579	36.7579	36.7579	36.7579	36.7579	36.7579	357.8132
