	Destination										
Source	Core0	Core1	HBM0	HBM1	HBM2	HBM3	HBM4	HBM5	HBM6	HBM7	Row sum
Core0	0.0000	0.0000	12.0000	12.0000	12.0000	12.0000	12.0000	12.0000	12.0000	12.0000	96.0000
Core1	0.0000	0.0000	12.0000	12.0000	12.0000	12.0000	12.0000	12.0000	12.0000	12.0000	96.0000
HBM0	24.0000	0.0000	0.0000	9.5000	9.5000	9.5000	0.0000	0.0000	0.0000	0.0000	52.5000
HBM1	24.0000	0.0000	9.5000	0.0000	9.5000	9.5000	0.0000	0.0000	0.0000	0.0000	52.5000
HBM2	0.0000	24.0000	9.5000	9.5000	0.0000	9.5000	0.0000	0.0000	0.0000	0.0000	52.5000
HBM3	0.0000	24.0000	9.5000	9.5000	9.5000	0.0000	0.0000	0.0000	0.0000	0.0000	52.5000
HBM4	24.0000	0.0000	0.0000	0.0000	0.0000	0.0000	0.0000	9.5000	9.5000	9.5000	52.5000
HBM5	24.0000	0.0000	0.0000	0.0000	0.0000	0.0000	9.5000	0.0000	9.5000	9.5000	52.5000
HBM6	0.0000	24.0000	0.0000	0.0000	0.0000	0.0000	9.5000	9.5000	0.0000	9.5000	52.5000
HBM7	0.0000	24.0000	0.0000	0.0000	0.0000	0.0000	9.5000	9.5000	9.5000	0.0000	52.5000
Col sum	96.0000	96.0000	52.5000	52.5000	52.5000	52.5000	52.5000	52.5000	52.5000	52.5000	612.0000
