	Destination
Source	Core0	Core1	HBM0	HBM1	HBM2	HBM3	HBM4	HBM5	HBM6	HBM7		Row sum
Core0	0.000000	0.000000	15.000000	15.000000	15.000000	15.000000	15.000000	15.000000	15.000000	15.000000		120.000000
Core1	0.000000	0.000000	15.000000	15.000000	15.000000	15.000000	15.000000	15.000000	15.000000	15.000000		120.000000
HBM0	30.000000	0.000000	0.000000	20.898400	20.898400	20.898400	0.000000	0.000000	0.000000	0.000000		92.695200
HBM1	30.000000	0.000000	20.898400	0.000000	20.898400	20.898400	0.000000	0.000000	0.000000	0.000000		92.695200
HBM2	0.000000	30.000000	20.898400	20.898400	0.000000	20.898400	0.000000	0.000000	0.000000	0.000000		92.695200
HBM3	0.000000	30.000000	20.898400	20.898400	20.898400	0.000000	0.000000	0.000000	0.000000	0.000000		92.695200
HBM4	30.000000	0.000000	0.000000	0.000000	0.000000	0.000000	0.000000	20.898400	20.898400	20.898400		92.695200
HBM5	30.000000	0.000000	0.000000	0.000000	0.000000	0.000000	20.898400	0.000000	20.898400	20.898400		92.695200
HBM6	0.000000	30.000000	0.000000	0.000000	0.000000	0.000000	20.898400	20.898400	0.000000	20.898400		92.695200
HBM7	0.000000	30.000000	0.000000	0.000000	0.000000	0.000000	20.898400	20.898400	20.898400	0.000000		92.695200
Col sum	120.000000	120.000000	92.695200	92.695200	92.695200	92.695200	92.695200	92.695200	92.695200	92.695200		981.561600
