	Destination										
Source	Core0	Core1	HBM0	HBM1	HBM2	HBM3	HBM4	HBM5	HBM6	HBM7	Row sum
Core0	0.0000	0.0000	2.0000	2.0000	2.0000	2.0000	2.0000	2.0000	2.0000	2.0000	15.9998
Core1	0.0000	0.0000	2.0000	2.0000	2.0000	2.0000	2.0000	2.0000	2.0000	2.0000	15.9998
HBM0	4.0000	0.0000	0.0000	6.8980	6.8980	6.8980	0.0000	0.0000	0.0000	0.0000	24.6941
HBM1	4.0000	0.0000	6.8980	0.0000	6.8980	6.8980	0.0000	0.0000	0.0000	0.0000	24.6941
HBM2	0.0000	4.0000	6.8980	6.8980	0.0000	6.8980	0.0000	0.0000	0.0000	0.0000	24.6941
HBM3	0.0000	4.0000	6.8980	6.8980	6.8980	0.0000	0.0000	0.0000	0.0000	0.0000	24.6941
HBM4	4.0000	0.0000	0.0000	0.0000	0.0000	0.0000	0.0000	6.8980	6.8980	6.8980	24.6941
HBM5	4.0000	0.0000	0.0000	0.0000	0.0000	0.0000	6.8980	0.0000	6.8980	6.8980	24.6941
HBM6	0.0000	4.0000	0.0000	0.0000	0.0000	0.0000	6.8980	6.8980	0.0000	6.8980	24.6941
HBM7	0.0000	4.0000	0.0000	0.0000	0.0000	0.0000	6.8980	6.8980	6.8980	0.0000	24.6941
Col sum	15.9998	15.9998	24.6941	24.6941	24.6941	24.6941	24.6941	24.6941	24.6941	24.6941	229.5525
