	Destination
Source	Core0	Core1	HBM0	HBM1	HBM2	HBM3	HBM4	HBM5	HBM6	HBM7		Row sum
Core0	0.000000	0.000000	3.999950	3.999950	3.999950	3.999950	3.999950	3.999950	3.999950	3.999950		31.999600
Core1	0.000000	0.000000	3.999950	3.999950	3.999950	3.999950	3.999950	3.999950	3.999950	3.999950		31.999600
HBM0	7.999900	0.000000	0.000000	13.796100	13.796100	13.796100	0.000000	0.000000	0.000000	0.000000		49.388200
HBM1	7.999900	0.000000	13.796100	0.000000	13.796100	13.796100	0.000000	0.000000	0.000000	0.000000		49.388200
HBM2	0.000000	7.999900	13.796100	13.796100	0.000000	13.796100	0.000000	0.000000	0.000000	0.000000		49.388200
HBM3	0.000000	7.999900	13.796100	13.796100	13.796100	0.000000	0.000000	0.000000	0.000000	0.000000		49.388200
HBM4	7.999900	0.000000	0.000000	0.000000	0.000000	0.000000	0.000000	13.796100	13.796100	13.796100		49.388200
HBM5	7.999900	0.000000	0.000000	0.000000	0.000000	0.000000	13.796100	0.000000	13.796100	13.796100		49.388200
HBM6	0.000000	7.999900	0.000000	0.000000	0.000000	0.000000	13.796100	13.796100	0.000000	13.796100		49.388200
HBM7	0.000000	7.999900	0.000000	0.000000	0.000000	0.000000	13.796100	13.796100	13.796100	0.000000		49.388200
Col sum	31.999600	31.999600	49.388200	49.388200	49.388200	49.388200	49.388200	49.388200	49.388200	49.388200		459.104800
