	Destination
Source	Core0	Core1	HBM0	HBM1	HBM2	HBM3	HBM4	HBM5	HBM6	HBM7		Row sum
Core0	0.000000	0.000000	1.500000	1.500000	1.500000	1.500000	1.500000	1.500000	1.500000	1.500000		12.000000
Core1	0.000000	0.000000	1.500000	1.500000	1.500000	1.500000	1.500000	1.500000	1.500000	1.500000		12.000000
HBM0	3.000000	0.000000	0.000000	1.187500	1.187500	1.187500	0.000000	0.000000	0.000000	0.000000		6.562500
HBM1	3.000000	0.000000	1.187500	0.000000	1.187500	1.187500	0.000000	0.000000	0.000000	0.000000		6.562500
HBM2	0.000000	3.000000	1.187500	1.187500	0.000000	1.187500	0.000000	0.000000	0.000000	0.000000		6.562500
HBM3	0.000000	3.000000	1.187500	1.187500	1.187500	0.000000	0.000000	0.000000	0.000000	0.000000		6.562500
HBM4	3.000000	0.000000	0.000000	0.000000	0.000000	0.000000	0.000000	1.187500	1.187500	1.187500		6.562500
HBM5	3.000000	0.000000	0.000000	0.000000	0.000000	0.000000	1.187500	0.000000	1.187500	1.187500		6.562500
HBM6	0.000000	3.000000	0.000000	0.000000	0.000000	0.000000	1.187500	1.187500	0.000000	1.187500		6.562500
HBM7	0.000000	3.000000	0.000000	0.000000	0.000000	0.000000	1.187500	1.187500	1.187500	0.000000		6.562500
Col sum	12.000000	12.000000	6.562500	6.562500	6.562500	6.562500	6.562500	6.562500	6.562500	6.562500		76.500000
