	Destination										
Source	Core0	Core1	HBM0	HBM1	HBM2	HBM3	HBM4	HBM5	HBM6	HBM7	Row sum
Core0	0.0000	0.0000	0.9375	0.9375	0.9375	0.9375	0.9375	0.9375	0.9375	0.9375	7.5000
Core1	0.0000	0.0000	0.9375	0.9375	0.9375	0.9375	0.9375	0.9375	0.9375	0.9375	7.5000
HBM0	1.8750	0.0000	0.0000	1.3061	1.3061	1.3061	0.0000	0.0000	0.0000	0.0000	5.7935
HBM1	1.8750	0.0000	1.3061	0.0000	1.3061	1.3061	0.0000	0.0000	0.0000	0.0000	5.7935
HBM2	0.0000	1.8750	1.3061	1.3061	0.0000	1.3061	0.0000	0.0000	0.0000	0.0000	5.7935
HBM3	0.0000	1.8750	1.3061	1.3061	1.3061	0.0000	0.0000	0.0000	0.0000	0.0000	5.7935
HBM4	1.8750	0.0000	0.0000	0.0000	0.0000	0.0000	0.0000	1.3061	1.3061	1.3061	5.7935
HBM5	1.8750	0.0000	0.0000	0.0000	0.0000	0.0000	1.3061	0.0000	1.3061	1.3061	5.7935
HBM6	0.0000	1.8750	0.0000	0.0000	0.0000	0.0000	1.3061	1.3061	0.0000	1.3061	5.7935
HBM7	0.0000	1.8750	0.0000	0.0000	0.0000	0.0000	1.3061	1.3061	1.3061	0.0000	5.7935
Col sum	7.5000	7.5000	5.7935	5.7935	5.7935	5.7935	5.7935	5.7935	5.7935	5.7935	61.3477
