	Destination										
Source	Core0	Core1	HBM0	HBM1	HBM2	HBM3	HBM4	HBM5	HBM6	HBM7	Row sum
Core0	0.0000	0.0000	0.5000	0.5000	0.5000	0.5000	0.5000	0.5000	0.5000	0.5000	4.0000
Core1	0.0000	0.0000	0.5000	0.5000	0.5000	0.5000	0.5000	0.5000	0.5000	0.5000	4.0000
HBM0	1.0000	0.0000	0.0000	0.2500	0.2500	0.2500	0.0000	0.0000	0.0000	0.0000	1.7500
HBM1	1.0000	0.0000	0.2500	0.0000	0.2500	0.2500	0.0000	0.0000	0.0000	0.0000	1.7500
HBM2	0.0000	1.0000	0.2500	0.2500	0.0000	0.2500	0.0000	0.0000	0.0000	0.0000	1.7500
HBM3	0.0000	1.0000	0.2500	0.2500	0.2500	0.0000	0.0000	0.0000	0.0000	0.0000	1.7500
HBM4	1.0000	0.0000	0.0000	0.0000	0.0000	0.0000	0.0000	0.2500	0.2500	0.2500	1.7500
HBM5	1.0000	0.0000	0.0000	0.0000	0.0000	0.0000	0.2500	0.0000	0.2500	0.2500	1.7500
HBM6	0.0000	1.0000	0.0000	0.0000	0.0000	0.0000	0.2500	0.2500	0.0000	0.2500	1.7500
HBM7	0.0000	1.0000	0.0000	0.0000	0.0000	0.0000	0.2500	0.2500	0.2500	0.0000	1.7500
Col sum	4.0000	4.0000	1.7500	1.7500	1.7500	1.7500	1.7500	1.7500	1.7500	1.7500	22.0000
