	Destination										
Source	Core0	Core1	HBM0	HBM1	HBM2	HBM3	HBM4	HBM5	HBM6	HBM7	Row sum
Core0	0.0000	0.0000	0.3750	0.3750	0.3750	0.3750	0.3750	0.3750	0.3750	0.3750	3.0000
Core1	0.0000	0.0000	0.3750	0.3750	0.3750	0.3750	0.3750	0.3750	0.3750	0.3750	3.0000
HBM0	0.7500	0.0000	0.0000	0.2969	0.2969	0.2969	0.0000	0.0000	0.0000	0.0000	1.6406
HBM1	0.7500	0.0000	0.2969	0.0000	0.2969	0.2969	0.0000	0.0000	0.0000	0.0000	1.6406
HBM2	0.0000	0.7500	0.2969	0.2969	0.0000	0.2969	0.0000	0.0000	0.0000	0.0000	1.6406
HBM3	0.0000	0.7500	0.2969	0.2969	0.2969	0.0000	0.0000	0.0000	0.0000	0.0000	1.6406
HBM4	0.7500	0.0000	0.0000	0.0000	0.0000	0.0000	0.0000	0.2969	0.2969	0.2969	1.6406
HBM5	0.7500	0.0000	0.0000	0.0000	0.0000	0.0000	0.2969	0.0000	0.2969	0.2969	1.6406
HBM6	0.0000	0.7500	0.0000	0.0000	0.0000	0.0000	0.2969	0.2969	0.0000	0.2969	1.6406
HBM7	0.0000	0.7500	0.0000	0.0000	0.0000	0.0000	0.2969	0.2969	0.2969	0.0000	1.6406
Col sum	3.0000	3.0000	1.6406	1.6406	1.6406	1.6406	1.6406	1.6406	1.6406	1.6406	19.1250
