	Destination										
Source	Core0	Core1	HBM0	HBM1	HBM2	HBM3	HBM4	HBM5	HBM6	HBM7	Row sum
Core0	0.0000	0.0000	15.9998	15.9998	15.9998	15.9998	15.9998	15.9998	15.9998	15.9998	127.9980
Core1	0.0000	0.0000	15.9998	15.9998	15.9998	15.9998	15.9998	15.9998	15.9998	15.9998	127.9980
HBM0	31.9996	0.0000	0.0000	55.1844	55.1844	55.1844	0.0000	0.0000	0.0000	0.0000	197.5530
HBM1	31.9996	0.0000	55.1844	0.0000	55.1844	55.1844	0.0000	0.0000	0.0000	0.0000	197.5530
HBM2	0.0000	31.9996	55.1844	55.1844	0.0000	55.1844	0.0000	0.0000	0.0000	0.0000	197.5530
HBM3	0.0000	31.9996	55.1844	55.1844	55.1844	0.0000	0.0000	0.0000	0.0000	0.0000	197.5530
HBM4	31.9996	0.0000	0.0000	0.0000	0.0000	0.0000	0.0000	55.1844	55.1844	55.1844	197.5530
HBM5	31.9996	0.0000	0.0000	0.0000	0.0000	0.0000	55.1844	0.0000	55.1844	55.1844	197.5530
HBM6	0.0000	31.9996	0.0000	0.0000	0.0000	0.0000	55.1844	55.1844	0.0000	55.1844	197.5530
HBM7	0.0000	31.9996	0.0000	0.0000	0.0000	0.0000	55.1844	55.1844	55.1844	0.0000	197.5530
Col sum	127.9980	127.9980	197.5530	197.5530	197.5530	197.5530	197.5530	197.5530	197.5530	197.5530	1836.4198
