	Destination
Source	Core0	Core1	HBM0	HBM1	HBM2	HBM3	HBM4	HBM5	HBM6	HBM7		Row sum
Core0	0.000000	0.000000	1.875000	1.875000	1.875000	1.875000	1.875000	1.875000	1.875000	1.875000		15.000000
Core1	0.000000	0.000000	1.875000	1.875000	1.875000	1.875000	1.875000	1.875000	1.875000	1.875000		15.000000
HBM0	3.750000	0.000000	0.000000	2.612300	2.612300	2.612300	0.000000	0.000000	0.000000	0.000000		11.586900
HBM1	3.750000	0.000000	2.612300	0.000000	2.612300	2.612300	0.000000	0.000000	0.000000	0.000000		11.586900
HBM2	0.000000	3.750000	2.612300	2.612300	0.000000	2.612300	0.000000	0.000000	0.000000	0.000000		11.586900
HBM3	0.000000	3.750000	2.612300	2.612300	2.612300	0.000000	0.000000	0.000000	0.000000	0.000000		11.586900
HBM4	3.750000	0.000000	0.000000	0.000000	0.000000	0.000000	0.000000	2.612300	2.612300	2.612300		11.586900
HBM5	3.750000	0.000000	0.000000	0.000000	0.000000	0.000000	2.612300	0.000000	2.612300	2.612300		11.586900
HBM6	0.000000	3.750000	0.000000	0.000000	0.000000	0.000000	2.612300	2.612300	0.000000	2.612300		11.586900
HBM7	0.000000	3.750000	0.000000	0.000000	0.000000	0.000000	2.612300	2.612300	2.612300	0.000000		11.586900
Col sum	15.000000	15.000000	11.586900	11.586900	11.586900	11.586900	11.586900	11.586900	11.586900	11.586900		122.695200
