	Destination
Source	Core0	Core1	HBM0	HBM1	HBM2	HBM3	HBM4	HBM5	HBM6	HBM7		Row sum
Core0	0.000000	0.000000	0.375000	0.375000	0.375000	0.375000	0.375000	0.375000	0.375000	0.375000		3.000000
Core1	0.000000	0.000000	0.375000	0.375000	0.375000	0.375000	0.375000	0.375000	0.375000	0.375000		3.000000
HBM0	0.750000	0.000000	0.000000	0.296875	0.296875	0.296875	0.000000	0.000000	0.000000	0.000000		1.640625
HBM1	0.750000	0.000000	0.296875	0.000000	0.296875	0.296875	0.000000	0.000000	0.000000	0.000000		1.640625
HBM2	0.000000	0.750000	0.296875	0.296875	0.000000	0.296875	0.000000	0.000000	0.000000	0.000000		1.640625
HBM3	0.000000	0.750000	0.296875	0.296875	0.296875	0.000000	0.000000	0.000000	0.000000	0.000000		1.640625
HBM4	0.750000	0.000000	0.000000	0.000000	0.000000	0.000000	0.000000	0.296875	0.296875	0.296875		1.640625
HBM5	0.750000	0.000000	0.000000	0.000000	0.000000	0.000000	0.296875	0.000000	0.296875	0.296875		1.640625
HBM6	0.000000	0.750000	0.000000	0.000000	0.000000	0.000000	0.296875	0.296875	0.000000	0.296875		1.640625
HBM7	0.000000	0.750000	0.000000	0.000000	0.000000	0.000000	0.296875	0.296875	0.296875	0.000000		1.640625
Col sum	3.000000	3.000000	1.640625	1.640625	1.640625	1.640625	1.640625	1.640625	1.640625	1.640625		19.125000
