	Destination										
Source	Core0	Core1	HBM0	HBM1	HBM2	HBM3	HBM4	HBM5	HBM6	HBM7	Row sum
Core0	0.0000	0.0000	0.5000	0.5000	0.5000	0.5000	0.5000	0.5000	0.5000	0.5000	3.9999
Core1	0.0000	0.0000	0.5000	0.5000	0.5000	0.5000	0.5000	0.5000	0.5000	0.5000	3.9999
HBM0	1.0000	0.0000	0.0000	1.7245	1.7245	1.7245	0.0000	0.0000	0.0000	0.0000	6.1735
HBM1	1.0000	0.0000	1.7245	0.0000	1.7245	1.7245	0.0000	0.0000	0.0000	0.0000	6.1735
HBM2	0.0000	1.0000	1.7245	1.7245	0.0000	1.7245	0.0000	0.0000	0.0000	0.0000	6.1735
HBM3	0.0000	1.0000	1.7245	1.7245	1.7245	0.0000	0.0000	0.0000	0.0000	0.0000	6.1735
HBM4	1.0000	0.0000	0.0000	0.0000	0.0000	0.0000	0.0000	1.7245	1.7245	1.7245	6.1735
HBM5	1.0000	0.0000	0.0000	0.0000	0.0000	0.0000	1.7245	0.0000	1.7245	1.7245	6.1735
HBM6	0.0000	1.0000	0.0000	0.0000	0.0000	0.0000	1.7245	1.7245	0.0000	1.7245	6.1735
HBM7	0.0000	1.0000	0.0000	0.0000	0.0000	0.0000	1.7245	1.7245	1.7245	0.0000	6.1735
Col sum	3.9999	3.9999	6.1735	6.1735	6.1735	6.1735	6.1735	6.1735	6.1735	6.1735	57.3881
