	Destination										
Source	Core0	Core1	HBM0	HBM1	HBM2	HBM3	HBM4	HBM5	HBM6	HBM7	Row sum
Core0	0.0000	0.0000	7.9999	7.9999	7.9999	7.9999	7.9999	7.9999	7.9999	7.9999	63.9990
Core1	0.0000	0.0000	7.9999	7.9999	7.9999	7.9999	7.9999	7.9999	7.9999	7.9999	63.9990
HBM0	15.9998	0.0000	0.0000	27.5922	27.5922	27.5922	0.0000	0.0000	0.0000	0.0000	98.7765
HBM1	15.9998	0.0000	27.5922	0.0000	27.5922	27.5922	0.0000	0.0000	0.0000	0.0000	98.7765
HBM2	0.0000	15.9998	27.5922	27.5922	0.0000	27.5922	0.0000	0.0000	0.0000	0.0000	98.7765
HBM3	0.0000	15.9998	27.5922	27.5922	27.5922	0.0000	0.0000	0.0000	0.0000	0.0000	98.7765
HBM4	15.9998	0.0000	0.0000	0.0000	0.0000	0.0000	0.0000	27.5922	27.5922	27.5922	98.7765
HBM5	15.9998	0.0000	0.0000	0.0000	0.0000	0.0000	27.5922	0.0000	27.5922	27.5922	98.7765
HBM6	0.0000	15.9998	0.0000	0.0000	0.0000	0.0000	27.5922	27.5922	0.0000	27.5922	98.7765
HBM7	0.0000	15.9998	0.0000	0.0000	0.0000	0.0000	27.5922	27.5922	27.5922	0.0000	98.7765
Col sum	63.9990	63.9990	98.7765	98.7765	98.7765	98.7765	98.7765	98.7765	98.7765	98.7765	918.2099