	Destination										
Source	Core0	Core1	HBM0	HBM1	HBM2	HBM3	HBM4	HBM5	HBM6	HBM7	Row sum
Core0	0.0000	0.0000	0.4688	0.4688	0.4688	0.4688	0.4688	0.4688	0.4688	0.4688	3.7500
Core1	0.0000	0.0000	0.4688	0.4688	0.4688	0.4688	0.4688	0.4688	0.4688	0.4688	3.7500
HBM0	0.9375	0.0000	0.0000	0.6531	0.6531	0.6531	0.0000	0.0000	0.0000	0.0000	2.8967
HBM1	0.9375	0.0000	0.6531	0.0000	0.6531	0.6531	0.0000	0.0000	0.0000	0.0000	2.8967
HBM2	0.0000	0.9375	0.6531	0.6531	0.0000	0.6531	0.0000	0.0000	0.0000	0.0000	2.8967
HBM3	0.0000	0.9375	0.6531	0.6531	0.6531	0.0000	0.0000	0.0000	0.0000	0.0000	2.8967
HBM4	0.9375	0.0000	0.0000	0.0000	0.0000	0.0000	0.0000	0.6531	0.6531	0.6531	2.8967
HBM5	0.9375	0.0000	0.0000	0.0000	0.0000	0.0000	0.6531	0.0000	0.6531	0.6531	2.8967
HBM6	0.0000	0.9375	0.0000	0.0000	0.0000	0.0000	0.6531	0.6531	0.0000	0.6531	2.8967
HBM7	0.0000	0.9375	0.0000	0.0000	0.0000	0.0000	0.6531	0.6531	0.6531	0.0000	2.8967
Col sum	3.7500	3.7500	2.8967	2.8967	2.8967	2.8967	2.8967	2.8967	2.8967	2.8967	30.6738
