	Destination										
Source	Core0	Core1	HBM0	HBM1	HBM2	HBM3	HBM4	HBM5	HBM6	HBM7	Row sum
Core0	0.0000	0.0000	1.8750	1.8750	1.8750	1.8750	1.8750	1.8750	1.8750	1.8750	15.0000
Core1	0.0000	0.0000	1.8750	1.8750	1.8750	1.8750	1.8750	1.8750	1.8750	1.8750	15.0000
HBM0	3.7500	0.0000	0.0000	2.6123	2.6123	2.6123	0.0000	0.0000	0.0000	0.0000	11.5869
HBM1	3.7500	0.0000	2.6123	0.0000	2.6123	2.6123	0.0000	0.0000	0.0000	0.0000	11.5869
HBM2	0.0000	3.7500	2.6123	2.6123	0.0000	2.6123	0.0000	0.0000	0.0000	0.0000	11.5869
HBM3	0.0000	3.7500	2.6123	2.6123	2.6123	0.0000	0.0000	0.0000	0.0000	0.0000	11.5869
HBM4	3.7500	0.0000	0.0000	0.0000	0.0000	0.0000	0.0000	2.6123	2.6123	2.6123	11.5869
HBM5	3.7500	0.0000	0.0000	0.0000	0.0000	0.0000	2.6123	0.0000	2.6123	2.6123	11.5869
HBM6	0.0000	3.7500	0.0000	0.0000	0.0000	0.0000	2.6123	2.6123	0.0000	2.6123	11.5869
HBM7	0.0000	3.7500	0.0000	0.0000	0.0000	0.0000	2.6123	2.6123	2.6123	0.0000	11.5869
Col sum	15.0000	15.0000	11.5869	11.5869	11.5869	11.5869	11.5869	11.5869	11.5869	11.5869	122.6953
