	Destination										
Source	Core0	Core1	HBM0	HBM1	HBM2	HBM3	HBM4	HBM5	HBM6	HBM7	Row sum
Core0	0.0000	0.0000	0.4980	0.4980	0.4980	0.4980	0.4980	0.4980	0.4980	0.4980	3.9844
Core1	0.0000	0.0000	0.4980	0.4980	0.4980	0.4980	0.4980	0.4980	0.4980	0.4980	3.9844
HBM0	0.9961	0.0000	0.0000	1.1995	1.1995	1.1995	0.0000	0.0000	0.0000	0.0000	4.5947
HBM1	0.9961	0.0000	1.1995	0.0000	1.1995	1.1995	0.0000	0.0000	0.0000	0.0000	4.5947
HBM2	0.0000	0.9961	1.1995	1.1995	0.0000	1.1995	0.0000	0.0000	0.0000	0.0000	4.5947
HBM3	0.0000	0.9961	1.1995	1.1995	1.1995	0.0000	0.0000	0.0000	0.0000	0.0000	4.5947
HBM4	0.9961	0.0000	0.0000	0.0000	0.0000	0.0000	0.0000	1.1995	1.1995	1.1995	4.5947
HBM5	0.9961	0.0000	0.0000	0.0000	0.0000	0.0000	1.1995	0.0000	1.1995	1.1995	4.5947
HBM6	0.0000	0.9961	0.0000	0.0000	0.0000	0.0000	1.1995	1.1995	0.0000	1.1995	4.5947
HBM7	0.0000	0.9961	0.0000	0.0000	0.0000	0.0000	1.1995	1.1995	1.1995	0.0000	4.5947
Col sum	3.9844	3.9844	4.5947	4.5947	4.5947	4.5947	4.5947	4.5947	4.5947	4.5947	44.7266
