	Destination										
Source	Core0	Core1	HBM0	HBM1	HBM2	HBM3	HBM4	HBM5	HBM6	HBM7	Row sum
Core0	0.0000	0.0000	3.0000	3.0000	3.0000	3.0000	3.0000	3.0000	3.0000	3.0000	24.0000
Core1	0.0000	0.0000	3.0000	3.0000	3.0000	3.0000	3.0000	3.0000	3.0000	3.0000	24.0000
HBM0	6.0000	0.0000	0.0000	2.3750	2.3750	2.3750	0.0000	0.0000	0.0000	0.0000	13.1250
HBM1	6.0000	0.0000	2.3750	0.0000	2.3750	2.3750	0.0000	0.0000	0.0000	0.0000	13.1250
HBM2	0.0000	6.0000	2.3750	2.3750	0.0000	2.3750	0.0000	0.0000	0.0000	0.0000	13.1250
HBM3	0.0000	6.0000	2.3750	2.3750	2.3750	0.0000	0.0000	0.0000	0.0000	0.0000	13.1250
HBM4	6.0000	0.0000	0.0000	0.0000	0.0000	0.0000	0.0000	2.3750	2.3750	2.3750	13.1250
HBM5	6.0000	0.0000	0.0000	0.0000	0.0000	0.0000	2.3750	0.0000	2.3750	2.3750	13.1250
HBM6	0.0000	6.0000	0.0000	0.0000	0.0000	0.0000	2.3750	2.3750	0.0000	2.3750	13.1250
HBM7	0.0000	6.0000	0.0000	0.0000	0.0000	0.0000	2.3750	2.3750	2.3750	0.0000	13.1250
Col sum	24.0000	24.0000	13.1250	13.1250	13.1250	13.1250	13.1250	13.1250	13.1250	13.1250	153.0000
