	Destination
Source	Core0	Core1	HBM0	HBM1	HBM2	HBM3	HBM4	HBM5	HBM6	HBM7		Row sum
Core0	0.000000	0.000000	0.468750	0.468750	0.468750	0.468750	0.468750	0.468750	0.468750	0.468750		3.750000
Core1	0.000000	0.000000	0.468750	0.468750	0.468750	0.468750	0.468750	0.468750	0.468750	0.468750		3.750000
HBM0	0.937500	0.000000	0.000000	0.653075	0.653075	0.653075	0.000000	0.000000	0.000000	0.000000		2.896725
HBM1	0.937500	0.000000	0.653075	0.000000	0.653075	0.653075	0.000000	0.000000	0.000000	0.000000		2.896725
HBM2	0.000000	0.937500	0.653075	0.653075	0.000000	0.653075	0.000000	0.000000	0.000000	0.000000		2.896725
HBM3	0.000000	0.937500	0.653075	0.653075	0.653075	0.000000	0.000000	0.000000	0.000000	0.000000		2.896725
HBM4	0.937500	0.000000	0.000000	0.000000	0.000000	0.000000	0.000000	0.653075	0.653075	0.653075		2.896725
HBM5	0.937500	0.000000	0.000000	0.000000	0.000000	0.000000	0.653075	0.000000	0.653075	0.653075		2.896725
HBM6	0.000000	0.937500	0.000000	0.000000	0.000000	0.000000	0.653075	0.653075	0.000000	0.653075		2.896725
HBM7	0.000000	0.937500	0.000000	0.000000	0.000000	0.000000	0.653075	0.653075	0.653075	0.000000		2.896725
Col sum	3.750000	3.750000	2.896725	2.896725	2.896725	2.896725	2.896725	2.896725	2.896725	2.896725		30.673800
