	Destination										
Source	Core0	Core1	HBM0	HBM1	HBM2	HBM3	HBM4	HBM5	HBM6	HBM7	Row sum
Core0	0.0000	0.0000	0.7500	0.7500	0.7500	0.7500	0.7500	0.7500	0.7500	0.7500	6.0000
Core1	0.0000	0.0000	0.7500	0.7500	0.7500	0.7500	0.7500	0.7500	0.7500	0.7500	6.0000
HBM0	1.5000	0.0000	0.0000	0.5938	0.5938	0.5938	0.0000	0.0000	0.0000	0.0000	3.2812
HBM1	1.5000	0.0000	0.5938	0.0000	0.5938	0.5938	0.0000	0.0000	0.0000	0.0000	3.2812
HBM2	0.0000	1.5000	0.5938	0.5938	0.0000	0.5938	0.0000	0.0000	0.0000	0.0000	3.2812
HBM3	0.0000	1.5000	0.5938	0.5938	0.5938	0.0000	0.0000	0.0000	0.0000	0.0000	3.2812
HBM4	1.5000	0.0000	0.0000	0.0000	0.0000	0.0000	0.0000	0.5938	0.5938	0.5938	3.2812
HBM5	1.5000	0.0000	0.0000	0.0000	0.0000	0.0000	0.5938	0.0000	0.5938	0.5938	3.2812
HBM6	0.0000	1.5000	0.0000	0.0000	0.0000	0.0000	0.5938	0.5938	0.0000	0.5938	3.2812
HBM7	0.0000	1.5000	0.0000	0.0000	0.0000	0.0000	0.5938	0.5938	0.5938	0.0000	3.2812
Col sum	6.0000	6.0000	3.2812	3.2812	3.2812	3.2812	3.2812	3.2812	3.2812	3.2812	38.2500
