	Destination										
Source	Core0	Core1	HBM0	HBM1	HBM2	HBM3	HBM4	HBM5	HBM6	HBM7	Row sum
Core0	0.0000	0.0000	1.9922	1.9922	1.9922	1.9922	1.9922	1.9922	1.9922	1.9922	15.9375
Core1	0.0000	0.0000	1.9922	1.9922	1.9922	1.9922	1.9922	1.9922	1.9922	1.9922	15.9375
HBM0	3.9844	0.0000	0.0000	4.7982	4.7982	4.7982	0.0000	0.0000	0.0000	0.0000	18.3789
HBM1	3.9844	0.0000	4.7982	0.0000	4.7982	4.7982	0.0000	0.0000	0.0000	0.0000	18.3789
HBM2	0.0000	3.9844	4.7982	4.7982	0.0000	4.7982	0.0000	0.0000	0.0000	0.0000	18.3789
HBM3	0.0000	3.9844	4.7982	4.7982	4.7982	0.0000	0.0000	0.0000	0.0000	0.0000	18.3789
HBM4	3.9844	0.0000	0.0000	0.0000	0.0000	0.0000	0.0000	4.7982	4.7982	4.7982	18.3789
HBM5	3.9844	0.0000	0.0000	0.0000	0.0000	0.0000	4.7982	0.0000	4.7982	4.7982	18.3789
HBM6	0.0000	3.9844	0.0000	0.0000	0.0000	0.0000	4.7982	4.7982	0.0000	4.7982	18.3789
HBM7	0.0000	3.9844	0.0000	0.0000	0.0000	0.0000	4.7982	4.7982	4.7982	0.0000	18.3789
Col sum	15.9375	15.9375	18.3789	18.3789	18.3789	18.3789	18.3789	18.3789	18.3789	18.3789	178.9066
