	Destination										
Source	Core0	Core1	HBM0	HBM1	HBM2	HBM3	HBM4	HBM5	HBM6	HBM7	Row sum
Core0	0.0000	0.0000	1.5000	1.5000	1.5000	1.5000	1.5000	1.5000	1.5000	1.5000	12.0000
Core1	0.0000	0.0000	1.5000	1.5000	1.5000	1.5000	1.5000	1.5000	1.5000	1.5000	12.0000
HBM0	3.0000	0.0000	0.0000	1.1875	1.1875	1.1875	0.0000	0.0000	0.0000	0.0000	6.5625
HBM1	3.0000	0.0000	1.1875	0.0000	1.1875	1.1875	0.0000	0.0000	0.0000	0.0000	6.5625
HBM2	0.0000	3.0000	1.1875	1.1875	0.0000	1.1875	0.0000	0.0000	0.0000	0.0000	6.5625
HBM3	0.0000	3.0000	1.1875	1.1875	1.1875	0.0000	0.0000	0.0000	0.0000	0.0000	6.5625
HBM4	3.0000	0.0000	0.0000	0.0000	0.0000	0.0000	0.0000	1.1875	1.1875	1.1875	6.5625
HBM5	3.0000	0.0000	0.0000	0.0000	0.0000	0.0000	1.1875	0.0000	1.1875	1.1875	6.5625
HBM6	0.0000	3.0000	0.0000	0.0000	0.0000	0.0000	1.1875	1.1875	0.0000	1.1875	6.5625
HBM7	0.0000	3.0000	0.0000	0.0000	0.0000	0.0000	1.1875	1.1875	1.1875	0.0000	6.5625
Col sum	12.0000	12.0000	6.5625	6.5625	6.5625	6.5625	6.5625	6.5625	6.5625	6.5625	76.5000
