	Destination
Source	Core0	Core1	HBM0	HBM1	HBM2	HBM3	HBM4	HBM5	HBM6	HBM7		Row sum
Core0	0.000000	0.000000	0.999988	0.999988	0.999988	0.999988	0.999988	0.999988	0.999988	0.999988		7.999900
Core1	0.000000	0.000000	0.999988	0.999988	0.999988	0.999988	0.999988	0.999988	0.999988	0.999988		7.999900
HBM0	1.999975	0.000000	0.000000	3.449025	3.449025	3.449025	0.000000	0.000000	0.000000	0.000000		12.347050
HBM1	1.999975	0.000000	3.449025	0.000000	3.449025	3.449025	0.000000	0.000000	0.000000	0.000000		12.347050
HBM2	0.000000	1.999975	3.449025	3.449025	0.000000	3.449025	0.000000	0.000000	0.000000	0.000000		12.347050
HBM3	0.000000	1.999975	3.449025	3.449025	3.449025	0.000000	0.000000	0.000000	0.000000	0.000000		12.347050
HBM4	1.999975	0.000000	0.000000	0.000000	0.000000	0.000000	0.000000	3.449025	3.449025	3.449025		12.347050
HBM5	1.999975	0.000000	0.000000	0.000000	0.000000	0.000000	3.449025	0.000000	3.449025	3.449025		12.347050
HBM6	0.000000	1.999975	0.000000	0.000000	0.000000	0.000000	3.449025	3.449025	0.000000	3.449025		12.347050
HBM7	0.000000	1.999975	0.000000	0.000000	0.000000	0.000000	3.449025	3.449025	3.449025	0.000000		12.347050
Col sum	7.999900	7.999900	12.347050	12.347050	12.347050	12.347050	12.347050	12.347050	12.347050	12.347050		114.776200
