	Destination										
Source	Core0	Core1	HBM0	HBM1	HBM2	HBM3	HBM4	HBM5	HBM6	HBM7	Row sum
Core0	0.0000	0.0000	4.0000	4.0000	4.0000	4.0000	4.0000	4.0000	4.0000	4.0000	31.9995
Core1	0.0000	0.0000	4.0000	4.0000	4.0000	4.0000	4.0000	4.0000	4.0000	4.0000	31.9995
HBM0	7.9999	0.0000	0.0000	13.7961	13.7961	13.7961	0.0000	0.0000	0.0000	0.0000	49.3882
HBM1	7.9999	0.0000	13.7961	0.0000	13.7961	13.7961	0.0000	0.0000	0.0000	0.0000	49.3882
HBM2	0.0000	7.9999	13.7961	13.7961	0.0000	13.7961	0.0000	0.0000	0.0000	0.0000	49.3882
HBM3	0.0000	7.9999	13.7961	13.7961	13.7961	0.0000	0.0000	0.0000	0.0000	0.0000	49.3882
HBM4	7.9999	0.0000	0.0000	0.0000	0.0000	0.0000	0.0000	13.7961	13.7961	13.7961	49.3882
HBM5	7.9999	0.0000	0.0000	0.0000	0.0000	0.0000	13.7961	0.0000	13.7961	13.7961	49.3882
HBM6	0.0000	7.9999	0.0000	0.0000	0.0000	0.0000	13.7961	13.7961	0.0000	13.7961	49.3882
HBM7	0.0000	7.9999	0.0000	0.0000	0.0000	0.0000	13.7961	13.7961	13.7961	0.0000	49.3882
Col sum	31.9995	31.9995	49.3882	49.3882	49.3882	49.3882	49.3882	49.3882	49.3882	49.3882	459.1049
